3,3,140
0.408467 -0.00441993 0.0832783 
-0.00441993 0.112676 -0.0633095 
0.0832781 -0.0633095 0.226709 
0.407115 -0.00440523 0.0829984 
-0.00440523 0.112311 -0.0631017 
0.0829982 -0.0631017 0.225958 
0.404735 -0.00437933 0.0825045 
-0.00437933 0.111673 -0.0627368 
0.0825044 -0.0627368 0.224638 
0.400766 -0.00433606 0.0816767 
-0.00433606 0.110616 -0.0621297 
0.0816766 -0.0621297 0.222436 
0.394178 -0.00426405 0.0802917 
-0.00426405 0.108885 -0.0611271 
0.0802916 -0.0611271 0.218781 
0.383119 -0.00414258 0.0779348 
-0.00414258 0.106047 -0.0594583 
0.0779347 -0.0594583 0.212649 
0.364374 -0.00393486 0.0738414 
-0.00393486 0.10144 -0.056673 
0.0738413 -0.056673 0.202259 
0.332927 -0.00358034 0.0666603 
-0.00358034 0.0943617 -0.0521384 
0.0666602 -0.0521384 0.184845 
0.28327 -0.00300021 0.0543093 
-0.00300021 0.0852867 -0.0454228 
0.0543092 -0.0454228 0.1574 
0.21675 -0.00215765 0.0346936 
-0.00215765 0.0795101 -0.0377712 
0.0346936 -0.0377712 0.120797 
0.154739 -0.00119067 0.00855617 
-0.00119067 0.0904628 -0.0340624 
0.00855614 -0.0340624 0.0870986 
0.129389 -0.00039375 -0.017641 
-0.00039375 0.127274 -0.0392634 
-0.017641 -0.0392634 0.0741758 
0.139471 0.000137019 -0.0360905 
0.000137019 0.17294 -0.049585 
-0.0360905 -0.049585 0.0809479 
0.154924 0.000580251 -0.0450789 
0.000580251 0.202897 -0.0569102 
-0.0450789 -0.0569103 0.0903247 
0.160438 0.00110444 -0.047679 
0.00110444 0.212824 -0.0588405 
-0.047679 -0.0588405 0.0938075 
0.157222 0.00180651 -0.0470559 
0.00180651 0.210197 -0.0570169 
-0.0470559 -0.0570169 0.0922655 
0.149219 0.00277908 -0.0449957 
0.00277908 0.20159 -0.0530965 
-0.0449957 -0.0530965 0.0880591 
0.138797 0.00414155 -0.0423259 
0.00414155 0.190535 -0.0478916 
-0.0423259 -0.0478916 0.082625 
0.127193 0.00604525 -0.0394689 
0.00604525 0.178974 -0.0417236 
-0.0394689 -0.0417236 0.0767519 
0.115322 0.00866682 -0.0367505 
0.00866682 0.168456 -0.0347655 
-0.0367505 -0.0347655 0.0710541 
0.104178 0.0121863 -0.0345192 
0.0121863 0.160637 -0.0272155 
-0.0345192 -0.0272155 0.0661921 
0.0948892 0.0167439 -0.0331514 
0.0167439 0.157273 -0.0193604 
-0.0331514 -0.0193604 0.0628866 
0.0885466 0.0223782 -0.0329816 
0.0223782 0.159874 -0.0115709 
-0.0329816 -0.0115709 0.0617898 
0.0859018 0.0289667 -0.0341952 
0.0289667 0.169189 -0.00424571 
-0.0341952 -0.00424571 0.0632824 
0.0870879 0.0362018 -0.0367382 
0.0362018 0.184797 0.00226957 
-0.0367382 0.00226957 0.0673004 
0.091532 0.0436317 -0.0403043 
0.0436317 0.205066 0.00775456 
-0.0403043 0.00775456 0.0733026 
0.0981364 0.0507612 -0.0444186 
0.0507612 0.227593 0.0121433 
-0.0444186 0.0121433 0.0804232 
0.105638 0.0571696 -0.0485798 
0.0571696 0.249898 0.0155033 
-0.0485798 0.0155033 0.0877335 
0.112952 0.0625909 -0.0523868 
0.0625909 0.270042 0.0179836 
-0.0523868 0.0179836 0.0944811 
0.119359 0.0669273 -0.0555965 
0.0669273 0.286886 0.0197596 
-0.0555965 0.0197596 0.100202 
0.124482 0.0701976 -0.0581032 
0.0701976 0.299971 0.0209903 
-0.0581032 0.0209903 0.104686 
0.128091 0.0724238 -0.0598453 
0.0724238 0.309038 0.0217825 
-0.0598453 0.0217825 0.107808 
0.129712 0.0734288 -0.0606281 
0.0734288 0.313123 0.02214 
-0.0606281 0.02214 0.109213 
0.12799 0.0724985 -0.0598238 
0.0724985 0.309071 0.021859 
-0.0598238 0.021859 0.107784 
0.120061 0.0680677 -0.0560406 
0.0680677 0.290165 0.0203486 
-0.0560406 0.0203486 0.10113 
0.102643 0.0584443 -0.0474708 
0.0584443 0.249223 0.016479 
-0.0474708 0.016479 0.0865472 
0.0773881 0.0449895 -0.0341374 
0.0449895 0.192189 0.00896955 
-0.0341374 0.00896955 0.0655765 
0.0545569 0.0339658 -0.0200408 
0.0339658 0.145916 -0.00208881 
-0.0200408 -0.00208881 0.0470166 
0.0429799 0.0301032 -0.00979737 
0.0301032 0.130471 -0.0141674 
-0.00979737 -0.0141674 0.038212 
0.0409636 0.0315556 -0.0041942 
0.0315556 0.137687 -0.0242646 
-0.0041942 -0.0242646 0.0374348 
0.0426657 0.034403 -0.00157375 
0.034403 0.150691 -0.0311502 
-0.00157375 -0.0311502 0.0395666 
0.0444292 0.0364356 -0.000433393 
0.0364356 0.160153 -0.0350498 
-0.000433393 -0.0350498 0.0415141 
0.0448593 0.036861 -1.46938e-05 
0.036861 0.163087 -0.036515 
-1.46932e-05 -0.036515 0.0421981 
0.0434964 0.0352433 -8.83236e-05 
0.0352433 0.158748 -0.0359269 
-8.83229e-05 -0.0359269 0.0414583 
0.0404537 0.031 -0.000865806 
0.031 0.147982 -0.033761 
-0.000865805 -0.033761 0.0400398 
0.0376376 0.0236473 -0.00325707 
0.0236473 0.138094 -0.031953 
-0.00325707 -0.031953 0.0414393 
0.0412986 0.0141312 -0.00917275 
0.0141312 0.152386 -0.0362293 
-0.00917275 -0.0362293 0.0549743 
0.0593568 0.00588025 -0.0199914 
0.00588026 0.220174 -0.0535837 
-0.0199914 -0.0535837 0.0906446 
0.087647 0.00166446 -0.0328016 
0.00166446 0.325779 -0.0799432 
-0.0328016 -0.0799432 0.13953 
0.11128 0.000434802 -0.0424161 
0.000434802 0.413837 -0.10174 
-0.0424161 -0.10174 0.178526 
0.124225 0.000213775 -0.0474687 
0.000213775 0.462032 -0.113631 
-0.0474687 -0.113631 0.19952 
0.129763 0.000187436 -0.0495987 
0.000187436 0.482645 -0.11871 
-0.0495987 -0.11871 0.208448 
0.13186 0.000185875 -0.0504014 
0.000185874 0.490449 -0.120632 
-0.0504014 -0.120632 0.211821 
0.132619 0.000186223 -0.0506914 
0.000186223 0.493273 -0.121327 
-0.0506914 -0.121327 0.213041 
0.132886 0.000186446 -0.0507934 
0.000186446 0.494265 -0.121572 
-0.0507934 -0.121572 0.213469 
0.132961 0.000186525 -0.050822 
0.000186524 0.494544 -0.12164 
-0.050822 -0.12164 0.21359 
0.132944 0.000186518 -0.0508152 
0.000186518 0.494479 -0.121624 
-0.0508152 -0.121624 0.213562 
0.132862 0.000186455 -0.0507839 
0.000186455 0.494175 -0.121549 
-0.0507839 -0.121549 0.213431 
0.132715 0.000186346 -0.0507272 
0.000186346 0.493625 -0.121414 
-0.0507272 -0.121414 0.213194 
0.132467 0.000186185 -0.0506322 
0.000186185 0.492704 -0.121187 
-0.0506322 -0.121187 0.212796 
0.132011 0.000185916 -0.0504565 
0.000185916 0.491001 -0.120768 
-0.0504565 -0.120768 0.212062 
0.130997 0.000185414 -0.0500666 
0.000185414 0.487223 -0.119839 
-0.0500666 -0.119839 0.210434 
0.128391 0.000185961 -0.0490621 
0.00018596 0.477517 -0.117457 
-0.0490621 -0.117457 0.206272 
0.121552 0.000208244 -0.0463971 
0.000208244 0.452081 -0.111257 
-0.0463971 -0.111257 0.195565 
0.105729 0.000416818 -0.040003 
0.000416818 0.393422 -0.0972724 
-0.040003 -0.0972724 0.17235 
0.0783405 0.0015464 -0.027811 
0.0015464 0.292746 -0.0748049 
-0.027811 -0.0748049 0.139722 
0.0487627 0.00498179 -0.0113985 
0.00498179 0.186472 -0.055535 
-0.0113985 -0.055535 0.126232 
0.031548 0.010682 0.00357722 
0.010682 0.128694 -0.0526544 
0.00357722 -0.0526544 0.154689 
0.027077 0.0163549 0.0136119 
0.0163549 0.118295 -0.0613438 
0.0136119 -0.0613438 0.203203 
0.0277313 0.0203583 0.0192304 
0.0203583 0.125109 -0.0709425 
0.0192304 -0.0709425 0.243493 
0.028993 0.0225869 0.0220176 
0.0225869 0.132189 -0.0770741 
0.0220176 -0.0770741 0.267286 
0.029466 0.0233783 0.0230066 
0.0233783 0.134648 -0.0791737 
0.0230066 -0.0791737 0.275554 
0.0287085 0.0228317 0.022507 
0.0228317 0.130742 -0.0768587 
0.022507 -0.0768587 0.268121 
0.0264397 0.0206929 0.0201976 
0.0206929 0.118337 -0.0684001 
0.0201976 -0.0684001 0.240063 
0.0234901 0.0169478 0.015413 
0.0169478 0.097479 -0.0507874 
0.015413 -0.0507874 0.184327 
0.0253106 0.0139961 0.00845029 
0.0139961 0.0829729 -0.0235522 
0.00845029 -0.0235522 0.109226 
0.0403206 0.0168541 0.00203926 
0.0168541 0.104706 0.00501811 
0.00203926 0.00501811 0.0537915 
0.0631049 0.0245861 -0.00158939 
0.0245861 0.155478 0.0246655 
-0.00158939 0.0246655 0.0383602 
0.0797796 0.0309476 -0.00316694 
0.0309476 0.196442 0.0346392 
-0.00316694 0.0346392 0.0401675 
0.0877454 0.0341055 -0.0038102 
0.0341055 0.216703 0.0388544 
-0.0038102 0.0388544 0.0428116 
0.0904128 0.0351658 -0.00399656 
0.0351658 0.223487 0.0401804 
-0.00399656 0.0401804 0.0439008 
0.0902502 0.0350565 -0.00388244 
0.0350565 0.222719 0.0399115 
-0.00388244 0.0399115 0.044044 
0.0882431 0.0341447 -0.00348604 
0.0341447 0.216713 0.0384502 
-0.00348604 0.0384502 0.0437228 
0.0846939 0.0325122 -0.00273762 
0.0325122 0.205933 0.0357783 
-0.00273762 0.0357783 0.0432564 
0.0797841 0.0301587 -0.00147908 
0.0301587 0.190261 0.031669 
-0.00147908 0.031669 0.0430855 
0.0739864 0.0271461 0.00055522 
0.0271461 0.169895 0.0258013 
0.00055522 0.0258013 0.0440487 
0.0684406 0.0237499 0.00371403 
0.0237499 0.146299 0.0179317 
0.00371403 0.0179317 0.0475554 
0.064925 0.0205828 0.00815737 
0.0205828 0.12307 0.00829209 
0.00815737 0.00829209 0.0550538 
0.0643923 0.0185336 0.0129798 
0.0185336 0.105573 -0.00187235 
0.0129798 -0.00187235 0.0656911 
0.0645896 0.0185673 0.0152679 
0.0185673 0.0987639 -0.0108598 
0.0152679 -0.0108598 0.0738924 
0.0621562 0.0215673 0.0120345 
0.0215673 0.105436 -0.018765 
0.0120345 -0.018765 0.0743086 
0.0579508 0.0273188 0.00435664 
0.0273188 0.123886 -0.0268912 
0.00435664 -0.0268912 0.0694723 
0.0547872 0.0337578 -0.00370913 
0.0337578 0.146145 -0.0346255 
-0.00370913 -0.0346255 0.0648859 
0.0534057 0.0385623 -0.0092385 
0.0385623 0.163285 -0.0401524 
-0.0092385 -0.0401524 0.0625391 
0.0533055 0.0405014 -0.0112237 
0.0405014 0.170394 -0.0423422 
-0.0112237 -0.0423422 0.0621593 
0.0543855 0.0393573 -0.00949181 
0.0393573 0.166593 -0.0410011 
-0.00949181 -0.0410011 0.0636871 
0.0576217 0.0356836 -0.00405907 
0.0356836 0.154303 -0.0367019 
-0.00405907 -0.0367019 0.0682932 
0.0651651 0.0309585 0.00477793 
0.0309585 0.13982 -0.0309797 
0.00477793 -0.0309797 0.0785087 
0.079292 0.0275405 0.0159126 
0.0275405 0.132743 -0.0263476 
0.0159126 -0.0263476 0.0969027 
0.0994352 0.0273084 0.0271617 
0.0273084 0.139785 -0.0249429 
0.0271617 -0.0249429 0.1225 
0.120316 0.0297416 0.0361567 
0.0297416 0.156953 -0.0264822 
0.0361567 -0.0264822 0.148672 
0.135927 0.0326071 0.0418386 
0.0326071 0.173651 -0.0288053 
0.0418386 -0.0288053 0.168097 
0.144644 0.0344898 0.0447294 
0.0344898 0.184018 -0.0304191 
0.0447294 -0.0304191 0.178906 
0.148482 0.0353732 0.0459482 
0.0353732 0.188784 -0.0311906 
0.0459482 -0.0311906 0.183658 
0.14988 0.0357025 0.0463844 
0.0357025 0.190547 -0.0314801 
0.0463844 -0.0314801 0.185387 
0.150313 0.0358055 0.0465189 
0.0358055 0.191097 -0.0315708 
0.0465189 -0.0315708 0.185923 
0.15043 0.0358332 0.046555 
0.0358332 0.191245 -0.0315952 
0.046555 -0.0315952 0.186067 
0.150457 0.0358396 0.0465633 
0.0358396 0.19128 -0.0316009 
0.0465633 -0.0316009 0.186101 
0.150462 0.0358407 0.0465648 
0.0358407 0.191286 -0.0316019 
0.0465648 -0.0316019 0.186107 
0.150459 0.0358401 0.046564 
0.0358401 0.191282 -0.0316014 
0.046564 -0.0316014 0.186103 
0.150442 0.035836 0.0465587 
0.035836 0.19126 -0.0315977 
0.0465587 -0.0315977 0.186082 
0.150371 0.0358192 0.0465369 
0.0358192 0.191171 -0.031583 
0.0465369 -0.031583 0.185995 
0.150117 0.0357588 0.046458 
0.0357588 0.190848 -0.0315298 
0.046458 -0.0315298 0.18568 
0.149302 0.0355666 0.0462049 
0.0355666 0.189819 -0.0313616 
0.0462049 -0.0313616 0.184673 
0.147016 0.0350377 0.0454888 
0.0350377 0.186969 -0.0309065 
0.0454888 -0.0309065 0.181851 
0.141491 0.0338273 0.0437207 
0.0338273 0.180325 -0.0299141 
0.0437207 -0.0299141 0.175052 
0.130368 0.0317117 0.0399847 
0.0317117 0.168105 -0.028427 
0.0399847 -0.028427 0.161473 
0.11258 0.0294235 0.0334074 
0.0294235 0.152503 -0.0277904 
0.0334074 -0.0277904 0.140123 
0.0910307 0.029257 0.0240064 
0.029257 0.142976 -0.0311626 
0.0240064 -0.0311626 0.115131 
0.0717298 0.033428 0.0132097 
0.033428 0.149987 -0.0410532 
0.0132097 -0.0410532 0.0941921 
0.0587594 0.0414026 0.00310942 
0.0414026 0.173305 -0.0559241 
0.00310942 -0.0559241 0.0818518 
0.0519362 0.0502763 -0.0047775 
0.0502763 0.202404 -0.0711873 
-0.0047775 -0.0711873 0.076926 
0.0490174 0.0572344 -0.00989082 
0.0572344 0.226229 -0.0827452 
-0.00989083 -0.0827452 0.0758771 
0.0480541 0.0607118 -0.012228 
0.0607118 0.238341 -0.0884378 
-0.012228 -0.0884378 0.0759262 
0.0480958 0.060112 -0.0118796 
0.060112 0.2362 -0.0874768 
-0.0118796 -0.0874768 0.075774 
0.0490891 0.055328 -0.00880963 
0.055328 0.2194 -0.0797014 
-0.00880963 -0.0797014 0.0753276 
0.0515164 0.0466589 -0.00295913 
0.0466589 0.189224 -0.0655047 
-0.00295913 -0.0655047 0.0753102 
0.0551505 0.0352685 0.00504731 
0.0352685 0.149845 -0.0467681 
0.00504731 -0.0467681 0.0765411 
0.0564353 0.0241932 0.0127665 
0.0241932 0.111257 -0.0288679 
0.0127665 -0.0288679 0.0806732 
0.0512942 0.0184706 0.0181109 
0.0184706 0.0915957 -0.0203382 
0.0181109 -0.0203382 0.0995208 
0.0457453 0.0206178 0.0237518 
0.0206178 0.103373 -0.0240725 
0.0237518 -0.0240725 0.1493 
0.0462489 0.0268399 0.0309701 
0.0268399 0.133109 -0.0331888 
0.0309701 -0.0331888 0.214349 
0.0500676 0.0326611 0.0374079 
0.0326611 0.161089 -0.0412718 
0.0374079 -0.0412718 0.268363 
0.0537549 0.0366587 0.0418516 
0.0366587 0.180439 -0.0466727 
0.0418516 -0.0466727 0.304015 
0.0562322 0.0390068 0.044477 
0.0390068 0.19185 -0.0498006 
0.044477 -0.0498006 0.324587 
0.0574666 0.0401103 0.0457147 
0.0401103 0.197224 -0.0512606 
0.0457147 -0.0512606 0.334175 
0.0575827 0.0402112 0.045828 
0.0402112 0.197715 -0.0513935 
0.045828 -0.0513935 0.335047 
0.0566071 0.0393399 0.0448507 
0.0393399 0.193473 -0.050241 
0.0448507 -0.050241 0.327478 
0.0544739 0.0373293 0.0426023 
0.0373293 0.1837 -0.0475644 
0.0426023 -0.0475644 0.309879 
0.0512868 0.033884 0.0387765 
0.033884 0.167025 -0.0429106 
0.0387765 -0.0429106 0.279189 
