4  11
0.0760049  0.0765138  0.120876  0.0608307  0.144295  0.0595157  0.0701074  0.0400257  0.247996  0.0423929  0.0614409  
5.86967  -4.396  1.76552  -0.760761  
18.3532  -8.90547  3.56501  -1.96373  
29.4002  -8.63973  3.71159  -0.921016  
42.5851  -8.52518  3.4927  -1.47636  
57.4404  -8.7438  3.51538  -0.979788  
71.7363  -8.50664  3.83166  -0.743418  
82.7908  -8.56993  3.4171  -0.978298  
95.4637  -8.93542  3.18292  -0.653482  
107.874  -8.53687  3.7127  -1.41549  
123.704  -8.87263  3.42167  -1.16453  
135.508  -8.68814  3.36089  -1.44614  
9.85949  -8.21616  3.50524  -1.5239  
-8.21616  7.26461  -2.92552  1.35511  
3.50524  -2.92552  1.36142  -0.606538  
-1.5239  1.35511  -0.606538  0.467472  
29.0359  0.178064  1.647  -1.52036  
0.178064  0.22915  0.00934723  -0.0765798  
1.647  0.00934723  0.391816  -0.172199  
-1.52036  -0.0765798  -0.172199  0.211893  
48.3248  0.27046  -1.13877  -0.362908  
0.27046  0.139166  0.0716197  -0.0663933  
-1.13877  0.0716197  0.359259  0.0321175  
-0.362908  -0.0663933  0.0321175  0.118656  
8.68112  1.09906  0.694457  0.088295  
1.09906  0.200674  0.13961  0.01244  
0.694457  0.13961  0.281835  -0.0450863  
0.088295  0.01244  -0.0450863  0.0585227  
37.7624  0.355387  0.214214  -0.694649  
0.355387  0.136787  0.00220312  -0.0575435  
0.214214  0.00220312  0.49755  -0.126021  
-0.694649  -0.0575435  -0.126021  0.227141  
7.79721  -0.8256  -0.298672  0.376808  
-0.8256  0.123698  0.0610183  -0.0107422  
-0.298672  0.0610183  0.178534  -0.113637  
0.376808  -0.0107422  -0.113637  0.364224  
14.9922  -0.773834  -0.607688  0.300152  
-0.773834  0.163849  0.0803756  -0.0228859  
-0.607688  0.0803756  0.337411  0.0464468  
0.300152  -0.0228859  0.0464468  0.0620951  
7.44208  -1.1229  0.188667  -0.046485  
-1.1229  0.247645  0.0808197  -0.0591631  
0.188667  0.0808197  0.438831  -0.119168  
-0.046485  -0.0591631  -0.119168  0.0847346  
211.173  0.62031  -0.954905  1.42187  
0.62031  0.152286  0.0330363  0.0507421  
-0.954905  0.0330363  0.195606  -0.0380319  
1.42187  0.0507421  -0.0380319  0.195683  
8.60191  0.829295  -0.0376521  -0.970159  
0.829295  0.147591  0.145232  -0.145621  
-0.0376521  0.145232  0.563771  -0.221068  
-0.970159  -0.145621  -0.221068  0.23751  
8.0346  1.01328  -0.295559  -0.186972  
1.01328  0.197982  0.0127618  0.0333613  
-0.295559  0.0127618  0.256675  -0.057282  
-0.186972  0.0333613  -0.057282  0.422918  
