3,3,250
0.365374 0.025799 -0.309731 
0.0257989 0.846836 -0.463062 
-0.309731 -0.463062 0.718589 
0.385281 0.0221243 -0.329046 
0.0221242 0.899208 -0.49079 
-0.329046 -0.49079 0.770023 
0.398452 0.0204737 -0.341449 
0.0204737 0.9329 -0.508751 
-0.341449 -0.508751 0.802166 
0.405293 0.0198025 -0.347803 
0.0198024 0.950173 -0.51799 
-0.347803 -0.51799 0.818412 
0.406349 0.0197089 -0.348779 
0.0197088 0.952827 -0.519411 
-0.348779 -0.519411 0.820895 
0.401719 0.0201386 -0.344491 
0.0201385 0.941168 -0.513171 
-0.344491 -0.513171 0.809961 
0.390995 0.0213444 -0.334458 
0.0213443 0.913903 -0.498614 
-0.334458 -0.498614 0.784122 
0.373594 0.0240738 -0.317807 
0.0240737 0.868717 -0.474614 
-0.317807 -0.474614 0.74033 
0.349992 0.0301017 -0.294105 
0.0301016 0.804573 -0.440917 
-0.294105 -0.440917 0.675308 
0.324978 0.0432979 -0.265718 
0.0432978 0.728242 -0.401857 
-0.265718 -0.401857 0.589938 
0.313523 0.0708782 -0.24238 
0.0708782 0.666865 -0.373379 
-0.24238 -0.373379 0.498772 
0.343176 0.122032 -0.243968 
0.122032 0.675406 -0.386834 
-0.243968 -0.386834 0.43848 
0.435308 0.198718 -0.28838 
0.198718 0.802841 -0.469084 
-0.28838 -0.469084 0.449999 
0.569623 0.284558 -0.365588 
0.284558 1.02047 -0.601761 
-0.365588 -0.601761 0.529553 
0.692807 0.354422 -0.440651 
0.354422 1.23094 -0.727799 
-0.440651 -0.727799 0.623938 
0.772412 0.397133 -0.490326 
0.397133 1.36994 -0.810446 
-0.490326 -0.810446 0.69082 
0.812112 0.41791 -0.51535 
0.41791 1.4399 -0.85192 
-0.51535 -0.85192 0.725438 
0.828156 0.426213 -0.525502 
0.426213 1.46828 -0.868723 
-0.525502 -0.868723 0.739638 
0.832994 0.428694 -0.528564 
0.428694 1.47686 -0.873794 
-0.528564 -0.873794 0.74395 
0.833024 0.428681 -0.528574 
0.428681 1.47692 -0.873823 
-0.528574 -0.873823 0.743988 
0.83086 0.427514 -0.527185 
0.427514 1.47312 -0.871552 
-0.527185 -0.871552 0.74208 
0.827347 0.425612 -0.524929 
0.425612 1.46694 -0.867864 
-0.524929 -0.867864 0.738988 
0.822615 0.42301 -0.521878 
0.42301 1.45863 -0.862895 
-0.521878 -0.862895 0.73484 
0.816535 0.419596 -0.517936 
0.419596 1.448 -0.856508 
-0.517936 -0.856508 0.729545 
0.808888 0.415179 -0.512944 
0.415179 1.43469 -0.848471 
-0.512944 -0.848471 0.722942 
0.799439 0.409523 -0.506716 
0.409523 1.41835 -0.838534 
-0.506716 -0.838534 0.714877 
0.787975 0.402344 -0.499068 
0.402344 1.39869 -0.826467 
-0.499068 -0.826467 0.705241 
0.774345 0.393312 -0.48983 
0.393312 1.37557 -0.812105 
-0.48983 -0.812105 0.694019 
0.758507 0.382056 -0.478873 
0.382056 1.3491 -0.795391 
-0.478873 -0.795391 0.681338 
0.740571 0.368161 -0.46613 
0.368161 1.31972 -0.776428 
-0.46613 -0.776428 0.667519 
0.720856 0.351188 -0.451626 
0.351188 1.2883 -0.755528 
-0.451626 -0.755528 0.653129 
0.699915 0.330688 -0.435498 
0.330688 1.25622 -0.73325 
-0.435498 -0.73325 0.63901 
0.678559 0.306233 -0.418014 
0.306233 1.22533 -0.710416 
-0.418014 -0.710416 0.626284 
0.65783 0.277451 -0.399569 
0.277451 1.19797 -0.688091 
-0.399569 -0.688091 0.61631 
0.638941 0.244075 -0.380674 
0.244075 1.17675 -0.667518 
-0.380674 -0.667518 0.610591 
0.623178 0.205986 -0.361915 
0.205986 1.16433 -0.65002 
-0.361915 -0.65002 0.610643 
0.611762 0.163263 -0.343907 
0.163263 1.16319 -0.63686 
-0.343907 -0.63686 0.617814 
0.605712 0.116207 -0.327231 
0.116207 1.17523 -0.629098 
-0.327231 -0.629098 0.633121 
0.605717 0.0653553 -0.312376 
0.0653553 1.20158 -0.627462 
-0.312376 -0.627462 0.657089 
0.612044 0.0114673 -0.299695 
0.0114673 1.24238 -0.632249 
-0.299695 -0.632249 0.689663 
0.624504 -0.0445072 -0.289371 
-0.0445073 1.29675 -0.64329 
-0.289371 -0.64329 0.730177 
0.642465 -0.10148 -0.281414 
-0.10148 1.36282 -0.659962 
-0.281414 -0.659962 0.777394 
0.664914 -0.158283 -0.275674 
-0.158283 1.43789 -0.681246 
-0.275674 -0.681246 0.829605 
0.690546 -0.21372 -0.271864 
-0.21372 1.51865 -0.705819 
-0.271864 -0.705819 0.884753 
0.717864 -0.266614 -0.269596 
-0.266615 1.60139 -0.73215 
-0.269596 -0.73215 0.940562 
0.745271 -0.315839 -0.26842 
-0.315839 1.68219 -0.758593 
-0.26842 -0.758593 0.99466 
0.771152 -0.360321 -0.267853 
-0.360321 1.75706 -0.783459 
-0.267853 -0.783459 1.04466 
0.793931 -0.399042 -0.267407 
-0.399042 1.82208 -0.80507 
-0.267407 -0.80507 1.08822 
0.812126 -0.431017 -0.266621 
-0.431017 1.87342 -0.821796 
-0.266621 -0.821796 1.12308 
0.824401 -0.455276 -0.265083 
-0.455276 1.90739 -0.832088 
-0.265083 -0.832088 1.1471 
0.829647 -0.470842 -0.262462 
-0.470842 1.92052 -0.834519 
-0.262462 -0.834519 1.15829 
0.827104 -0.476726 -0.258563 
-0.476727 1.90966 -0.827864 
-0.258563 -0.827864 1.15493 
0.816564 -0.471957 -0.253395 
-0.471957 1.87229 -0.811234 
-0.253395 -0.811234 1.13572 
0.798669 -0.455641 -0.247275 
-0.455641 1.80691 -0.784292 
-0.247275 -0.784292 1.1001 
0.775294 -0.427094 -0.240955 
-0.427094 1.71372 -0.747551 
-0.240955 -0.747551 1.04866 
0.749962 -0.386021 -0.235753 
-0.386021 1.59538 -0.702736 
-0.235753 -0.702736 0.983626 
0.728146 -0.332752 -0.23363 
-0.332752 1.45781 -0.653102 
-0.23363 -0.653102 0.909359 
0.71718 -0.268469 -0.237138 
-0.268469 1.31054 -0.603523 
-0.237138 -0.603523 0.832494 
0.725515 -0.195345 -0.249117 
-0.195346 1.16628 -0.560162 
-0.249117 -0.560162 0.761544 
0.761137 -0.116491 -0.272118 
-0.116491 1.03917 -0.529515 
-0.272118 -0.529515 0.705649 
0.8294 -0.0356502 -0.307635 
-0.0356502 0.942044 -0.516971 
-0.307635 -0.516971 0.672639 
0.930993 0.0433173 -0.355415 
0.0433173 0.883263 -0.525304 
-0.355415 -0.525304 0.666966 
1.06106 0.117025 -0.413203 
0.117025 0.864658 -0.553783 
-0.413203 -0.553783 0.688427 
1.21007 0.183012 -0.477119 
0.183012 0.88145 -0.598384 
-0.477119 -0.598384 0.732342 
1.36618 0.23994 -0.542567 
0.23994 0.924238 -0.653026 
-0.542567 -0.653026 0.791129 
1.51802 0.287506 -0.605265 
0.287506 0.982012 -0.711256 
-0.605265 -0.711256 0.856501 
1.65689 0.326192 -0.662012 
0.326192 1.04484 -0.767654 
-0.662012 -0.767654 0.921346 
1.77758 0.356957 -0.710985 
0.356957 1.10541 -0.818554 
-0.710985 -0.818554 0.980723 
1.87823 0.380974 -0.75163 
0.380974 1.15937 -0.862091 
-0.75163 -0.862091 1.03198 
1.95943 0.399442 -0.784313 
0.399442 1.20482 -0.897828 
-0.784313 -0.897828 1.0743 
2.02325 0.413467 -0.809945 
0.413467 1.2416 -0.926251 
-0.809945 -0.926251 1.10809 
2.0724 0.424012 -0.829656 
0.424012 1.27049 -0.948321 
-0.829656 -0.948321 1.13439 
2.10967 0.431878 -0.844589 
0.431878 1.29269 -0.965151 
-0.844589 -0.965151 1.15449 
2.1376 0.437708 -0.855775 
0.437708 1.30947 -0.977815 
-0.855775 -0.977815 1.16962 
2.15836 0.442009 -0.864086 
0.442009 1.32203 -0.987251 
-0.864086 -0.987251 1.1809 
2.17369 0.44517 -0.870223 
0.44517 1.33134 -0.994234 
-0.870223 -0.994234 1.18925 
2.18497 0.447489 -0.874737 
0.447489 1.3382 -0.999376 
-0.874737 -0.999376 1.19541 
2.19324 0.449185 -0.878044 
0.449185 1.34324 -1.00315 
-0.878044 -1.00315 1.19992 
2.19926 0.45042 -0.880456 
0.45042 1.34692 -1.0059 
-0.880456 -1.0059 1.20321 
2.20362 0.451312 -0.882199 
0.451312 1.34958 -1.00789 
-0.882199 -1.00789 1.20559 
2.20669 0.451942 -0.883431 
0.451942 1.35146 -1.0093 
-0.883431 -1.0093 1.20728 
2.20875 0.452362 -0.884251 
0.452362 1.35272 -1.01023 
-0.884251 -1.01023 1.2084 
2.2099 0.452598 -0.884712 
0.452598 1.35342 -1.01076 
-0.884712 -1.01076 1.20903 
2.21016 0.452652 -0.884816 
0.452652 1.35358 -1.01088 
-0.884816 -1.01088 1.20917 
2.2094 0.452496 -0.88451 
0.452496 1.35312 -1.01053 
-0.88451 -1.01053 1.20875 
2.20732 0.45207 -0.883673 
0.45207 1.35184 -1.00958 
-0.883673 -1.00958 1.20761 
2.20341 0.451268 -0.882094 
0.451268 1.34944 -1.00778 
-0.882094 -1.00778 1.20547 
2.19685 0.449924 -0.879438 
0.449924 1.34542 -1.00477 
-0.879438 -1.00477 1.20188 
2.18646 0.447794 -0.875204 
0.447794 1.33904 -0.999977 
-0.875204 -0.999977 1.19618 
2.17056 0.444531 -0.86866 
0.444531 1.32925 -0.992617 
-0.86866 -0.992617 1.18744 
2.14688 0.439669 -0.858772 
0.439669 1.31465 -0.981588 
-0.858772 -0.981588 1.1744 
2.11257 0.432612 -0.84412 
0.432612 1.29341 -0.965446 
-0.84412 -0.965446 1.15544 
2.06428 0.422661 -0.822815 
0.422661 1.26336 -0.942396 
-0.822815 -0.942396 1.12861 
1.99869 0.409095 -0.792451 
0.409095 1.22218 -0.910386 
-0.792451 -0.910386 1.09187 
1.91334 0.391357 -0.750122 
0.391357 1.16791 -0.867359 
-0.750122 -0.867359 1.04349 
1.80822 0.369335 -0.692586 
0.369335 1.09973 -0.81172 
-0.692586 -0.81172 0.982765 
1.68756 0.343742 -0.616631 
0.343742 1.01904 -0.743006 
-0.616631 -0.743006 0.911012 
1.56141 0.316428 -0.519716 
0.316428 0.930389 -0.662604 
-0.519716 -0.662604 0.832372 
1.44567 0.290414 -0.400817 
0.290414 0.841694 -0.574174 
-0.400817 -0.574174 0.754027 
1.35951 0.269423 -0.261275 
0.269423 0.763138 -0.483386 
-0.261275 -0.483386 0.685174 
1.32021 0.256906 -0.105281 
0.256906 0.704637 -0.396811 
-0.105281 -0.396811 0.63475 
1.33744 0.254939 0.0603899 
0.254939 0.672834 -0.320301 
0.0603899 -0.320301 0.608722 
1.40994 0.263544 0.227442 
0.263544 0.66912 -0.25759 
0.227442 -0.25759 0.608325 
1.52627 0.280786 0.387594 
0.280786 0.689653 -0.209747 
0.387594 -0.209747 0.630095 
1.66896 0.303528 0.533977 
0.303528 0.727143 -0.175572 
0.533977 -0.175572 0.667508 
1.81952 0.328371 0.66193 
0.328371 0.773238 -0.152529 
0.66193 -0.152529 0.713164 
1.9622 0.35236 0.769076 
0.35236 0.820432 -0.137676 
0.769076 -0.137676 0.760525 
2.08557 0.373321 0.854904 
0.373321 0.862995 -0.128305 
0.854904 -0.128305 0.804794 
2.18246 0.389854 0.920149 
0.389854 0.897089 -0.122225 
0.920149 -0.122225 0.843063 
2.24901 0.401168 0.966214 
0.401168 0.920408 -0.117793 
0.966214 -0.117793 0.874058 
2.28345 0.406875 0.994756 
0.406875 0.931696 -0.113824 
0.994756 -0.113824 0.897807 
2.28519 0.406809 1.00746 
0.406809 0.930309 -0.109463 
1.00746 -0.109463 0.915391 
2.25423 0.400914 1.00601 
0.400914 0.915937 -0.10406 
1.00601 -0.10406 0.928886 
2.19091 0.3892 0.992166 
0.3892 0.888467 -0.0970781 
0.992166 -0.0970781 0.941493 
2.09601 0.371755 0.968049 
0.371755 0.847996 -0.0880301 
0.968049 -0.0880301 0.957831 
1.97123 0.348815 0.936425 
0.348815 0.794981 -0.0764405 
0.936425 -0.0764405 0.984321 
1.81973 0.320877 0.901084 
0.320877 0.730477 -0.0618441 
0.901084 -0.0618441 1.02951 
1.64693 0.288821 0.867103 
0.288821 0.656428 -0.0438168 
0.867103 -0.0438168 1.1041 
1.46092 0.254014 0.840833 
0.254014 0.575892 -0.0220463 
0.840833 -0.0220463 1.2202 
1.27252 0.218316 0.829384 
0.218316 0.493072 0.00356126 
0.829384 0.00356126 1.38967 
1.09423 0.183937 0.839445 
0.183937 0.412995 0.0327552 
0.839445 0.0327552 1.62109 
0.938304 0.153104 0.87557 
0.153104 0.340784 0.0648367 
0.87557 0.0648367 1.91621 
0.814191 0.127634 0.93844 
0.127634 0.28067 0.0986343 
0.93844 0.0986342 2.26686 
0.726306 0.108526 1.02391 
0.108526 0.235086 0.132605 
1.02391 0.132605 2.6542 
0.673211 0.0957953 1.12352 
0.0957953 0.204238 0.165063 
1.12352 0.165063 3.05127 
0.648585 0.0885884 1.22635 
0.0885884 0.186365 0.194478 
1.22635 0.194478 3.42835 
0.643494 0.0855449 1.32164 
0.0855449 0.178514 0.219727 
1.32164 0.219727 3.75907 
0.648885 0.0852085 1.40091 
0.0852085 0.177467 0.240229 
1.40091 0.240229 4.02491 
0.657368 0.0863394 1.45903 
0.0863394 0.180451 0.255938 
1.45903 0.255938 4.2168 
0.663942 0.0880581 1.49415 
0.0880581 0.185478 0.267225 
1.49415 0.267225 4.33412 
0.665861 0.0898485 1.50688 
0.0898485 0.191367 0.274721 
1.50688 0.274721 4.38212 
0.662076 0.091482 1.49933 
0.091482 0.197589 0.279172 
1.49933 0.279172 4.36923 
0.652597 0.0929237 1.47424 
0.0929237 0.204065 0.281339 
1.47424 0.281339 4.30485 
0.637991 0.0942525 1.43439 
0.0942525 0.210989 0.281933 
1.43439 0.281933 4.19797 
0.619043 0.0956046 1.38231 
0.0956046 0.218702 0.281597 
1.38231 0.281597 4.05651 
0.596575 0.0971402 1.32018 
0.0971402 0.227613 0.280902 
1.32018 0.280902 3.88722 
0.571378 0.0990244 1.24988 
0.0990244 0.238148 0.280356 
1.24988 0.280356 3.6958 
0.544189 0.101416 1.17303 
0.101416 0.250724 0.28041 
1.17303 0.28041 3.48725 
0.515707 0.10446 1.09117 
0.10446 0.265712 0.281468 
1.09117 0.281468 3.26614 
0.486611 0.108278 1.00579 
0.108278 0.28341 0.283877 
1.00579 0.283877 3.03694 
0.457568 0.112957 0.918424 
0.112957 0.304005 0.287914 
0.918424 0.287914 2.80413 
0.429229 0.118536 0.830677 
0.118536 0.327523 0.293761 
0.830677 0.293761 2.57227 
0.402212 0.124991 0.744224 
0.124991 0.353781 0.301473 
0.744224 0.301473 2.34598 
0.377061 0.132218 0.660739 
0.132218 0.382348 0.310947 
0.660739 0.310947 2.12973 
0.35421 0.140027 0.581815 
0.140027 0.412515 0.321894 
0.581815 0.321894 1.92753 
0.33393 0.148136 0.508849 
0.148136 0.4433 0.33383 
0.508849 0.33383 1.74271 
0.316305 0.156186 0.442932 
0.156186 0.473486 0.34609 
0.442932 0.34609 1.57752 
0.30121 0.163762 0.384756 
0.163762 0.501703 0.357872 
0.384756 0.357872 1.43302 
0.288333 0.170427 0.334567 
0.170427 0.526547 0.368304 
0.334567 0.368304 1.30896 
0.277214 0.175767 0.292167 
0.175767 0.54671 0.376532 
0.292167 0.376532 1.20392 
0.267307 0.179437 0.256983 
0.179437 0.561121 0.381812 
0.256983 0.381812 1.11556 
0.258056 0.181189 0.228158 
0.181189 0.569048 0.383589 
0.228158 0.383589 1.04097 
0.24896 0.180901 0.204686 
0.180901 0.570163 0.38155 
0.204686 0.38155 0.977084 
0.239626 0.178579 0.185525 
0.178579 0.56455 0.375641 
0.185525 0.375641 0.921017 
0.229796 0.174346 0.169701 
0.174346 0.552665 0.366053 
0.169701 0.366053 0.870311 
0.21935 0.16842 0.156373 
0.16842 0.535252 0.353176 
0.156373 0.353176 0.823079 
0.208292 0.161082 0.144865 
0.161082 0.513249 0.33754 
0.144865 0.33754 0.778029 
0.19672 0.152647 0.134671 
0.152647 0.487686 0.319752 
0.134671 0.319752 0.734403 
0.184791 0.143431 0.125434 
0.143431 0.459594 0.300436 
0.125434 0.300436 0.691867 
0.172696 0.133735 0.116921 
0.133735 0.429937 0.280187 
0.116921 0.280187 0.650382 
0.160624 0.123824 0.108988 
0.123824 0.399567 0.259538 
0.108988 0.259538 0.610091 
0.148751 0.113923 0.101554 
0.113923 0.369196 0.23894 
0.101554 0.23894 0.57121 
0.137227 0.104211 0.0945732 
0.104211 0.33939 0.218756 
0.0945732 0.218756 0.533964 
0.126164 0.0948257 0.0880216 
0.0948257 0.310575 0.199261 
0.0880216 0.199261 0.498533 
0.115643 0.0858645 0.0818805 
0.0858645 0.283051 0.180654 
0.0818805 0.180654 0.465034 
0.105712 0.0773917 0.076131 
0.0773917 0.257009 0.163062 
0.076131 0.163062 0.433504 
0.0963917 0.0694445 0.0707497 
0.0694445 0.232554 0.146558 
0.0707497 0.146558 0.403912 
0.0876802 0.0620395 0.0657071 
0.0620395 0.20972 0.131172 
0.0657071 0.131172 0.376166 
0.0795582 0.0551781 0.0609679 
0.0551781 0.188493 0.116903 
0.0609679 0.116903 0.350127 
0.0719951 0.0488523 0.0564925 
0.0488523 0.168828 0.103727 
0.0564925 0.103727 0.325635 
0.0649537 0.0430494 0.0522393 
0.0430494 0.150661 0.0916132 
0.0522393 0.0916132 0.302526 
0.0583957 0.0377557 0.0481675 
0.0377557 0.133924 0.0805243 
0.0481675 0.0805243 0.280659 
0.0522853 0.0329602 0.0442397 
0.0329602 0.118559 0.070429 
0.0442397 0.070429 0.25994 
0.0465938 0.0286567 0.0404258 
0.0286567 0.104521 0.0613045 
0.0404258 0.0613045 0.240346 
0.0413022 0.0248455 0.0367059 
0.0248455 0.0917901 0.0531402 
0.0367059 0.0531402 0.221946 
0.0364032 0.0215334 0.0330729 
0.0215334 0.0803719 0.0459381 
0.0330729 0.0459381 0.204915 
0.0319019 0.0187321 0.0295344 
0.0187321 0.0702947 0.0397111 
0.0295344 0.0397111 0.189533 
0.0278138 0.0164554 0.0261128 
0.0164554 0.0616033 0.0344773 
0.0261128 0.0344773 0.176171 
0.0241615 0.0147143 0.0228432 
0.0147143 0.054347 0.0302524 
0.0228432 0.0302524 0.165247 
0.0209695 0.0135123 0.0197693 
0.0135123 0.048563 0.0270397 
0.0197693 0.0270397 0.157175 
0.018257 0.0128391 0.0169375 
0.0128391 0.0442598 0.0248211 
0.0169375 0.0248211 0.152293 
0.0160322 0.0126674 0.0143898 
0.0126674 0.0414018 0.0235486 
0.0143898 0.0235486 0.150795 
0.0142871 0.0129505 0.0121577 
0.0129505 0.0399007 0.0231418 
0.0121577 0.0231418 0.152683 
0.0129956 0.0136242 0.0102573 
0.0136242 0.0396151 0.0234892 
0.0102573 0.0234892 0.157746 
0.0121143 0.0146105 0.00868769 
0.0146105 0.0403585 0.0244554 
0.00868769 0.0244554 0.165569 
0.0115861 0.0158242 0.0074315 
0.0158242 0.0419151 0.0258914 
0.0074315 0.0258914 0.175584 
0.0113462 0.0171794 0.0064585 
0.0171794 0.0440581 0.0276466 
0.0064585 0.0276466 0.187131 
0.0113276 0.0185963 0.00572999 
0.0185963 0.046568 0.02958 
0.00572999 0.02958 0.19953 
0.0114665 0.0200052 0.00520359 
0.0200052 0.049247 0.0315676 
0.00520359 0.0315676 0.212138 
0.011706 0.0213494 0.00483727 
0.0213494 0.0519279 0.0335076 
0.00483727 0.0335076 0.224398 
0.0119979 0.0225855 0.00459236 
0.0225855 0.0544775 0.0353212 
0.00459236 0.0353212 0.235855 
0.0123039 0.0236824 0.00443513 
0.0236824 0.0567954 0.0369509 
0.00443513 0.0369509 0.246162 
0.0125942 0.0246193 0.00433751 
0.0246193 0.0588098 0.0383578 
0.00433751 0.0383578 0.255072 
0.0128468 0.025383 0.00427679 
0.025383 0.0604718 0.0395171 
0.00427678 0.0395171 0.262418 
0.0130457 0.0259659 0.00423503 
0.0259659 0.0617489 0.0404144 
0.00423503 0.0404144 0.268097 
0.0131792 0.0263632 0.00419812 
0.0263632 0.0626194 0.0410423 
0.00419812 0.0410423 0.272046 
0.0132387 0.0265715 0.00415481 
0.0265715 0.0630679 0.0413978 
0.00415481 0.0413978 0.274232 
0.0132176 0.0265874 0.00409579 
0.0265874 0.0630816 0.0414805 
0.00409579 0.0414805 0.27464 
0.0131104 0.0264068 0.00401285 
0.0264068 0.0626482 0.0412924 
0.00401285 0.0412924 0.273269 
0.0129125 0.0260249 0.00389817 
0.0260249 0.0617557 0.0408386 
0.00389817 0.0408386 0.270138 
0.0126203 0.0254365 0.00374373 
0.0254365 0.0603934 0.0401286 
0.00374373 0.0401286 0.265297 
0.012231 0.024637 0.00354083 
0.024637 0.0585541 0.0391802 
0.00354083 0.0391802 0.258846 
0.0117443 0.0236243 0.00327978 
0.0236243 0.0562386 0.0380226 
0.00327978 0.0380226 0.250959 
0.0111623 0.0224007 0.00294974 
0.0224007 0.0534607 0.0367019 
0.00294974 0.0367019 0.241916 
0.0104919 0.020976 0.00253887 
0.020976 0.0502537 0.0352853 
0.00253887 0.0352853 0.232135 
0.00974481 0.0193693 0.00203478 
0.0193693 0.0466761 0.0338643 
0.00203478 0.0338643 0.22219 
0.00893945 0.0176119 0.0014255 
0.0176119 0.0428161 0.0325555 
0.0014255 0.0325555 0.212817 
0.00810035 0.0157477 0.000700842 
0.0157477 0.0387918 0.0314959 
0.000700842 0.0314959 0.204888 
0.00725748 0.0138318 -0.000145713 
0.0138318 0.0347471 0.0308328 
-0.000145713 0.0308328 0.199344 
0.00644388 0.0119274 -0.00111498 
0.0119274 0.0308405 0.0307068 
-0.00111498 0.0307068 0.197096 
0.0056923 0.0100997 -0.0022002 
0.0100997 0.027229 0.0312322 
-0.0022002 0.0312322 0.198893 
0.00503124 0.00840895 -0.00338598 
0.00840895 0.0240496 0.0324758 
-0.00338598 0.0324758 0.205189 
0.0044813 0.00690314 -0.00464836 
0.00690314 0.0214011 0.0344429 
-0.00464836 0.0344429 0.216056 
0.00405282 0.00561323 -0.00595647 
0.00561323 0.0193335 0.0370723 
-0.00595647 0.0370723 0.231141 
0.00374533 0.00455088 -0.00727541 
0.00455088 0.0178452 0.0402441 
-0.00727541 0.0402441 0.249722 
0.00354893 0.00370984 -0.0085699 
0.00370984 0.016889 0.0437977 
-0.0085699 0.0437977 0.270809 
0.003447 0.00306985 -0.00980789 
0.00306985 0.0163858 0.0475553 
-0.00980789 0.0475553 0.2933 
0.00341951 0.00260195 -0.0109633 
0.00260195 0.0162401 0.051345 
-0.0109633 0.051345 0.316121 
0.00344606 0.00227375 -0.0120177 
0.00227375 0.0163544 0.0550193 
-0.0120177 0.0550193 0.338345 
0.00350814 0.00205361 -0.0129606 
0.00205361 0.0166401 0.0584653 
-0.0129606 0.0584653 0.359255 
0.00359043 0.00191343 -0.0137887 
0.00191343 0.0170241 0.0616078 
-0.0137887 0.0616078 0.378371 
0.00368127 0.00182994 -0.0145045 
0.00182994 0.0174503 0.0644066 
-0.0145045 0.0644066 0.395428 
0.00377243 0.001785 -0.0151148 
0.001785 0.0178794 0.0668502 
-0.0151148 0.0668502 0.410341 
0.00385864 0.00176511 -0.015629 
0.00176511 0.0182859 0.0689483 
-0.015629 0.0689483 0.423161 
0.0039369 0.00176068 -0.0160579 
0.00176068 0.0186554 0.0707248 
-0.0160579 0.0707248 0.434026 
0.00400585 0.00176513 -0.0164125 
0.00176513 0.0189812 0.0722116 
-0.0164125 0.0722116 0.443125 
0.00406526 0.00177415 -0.0167037 
0.00177415 0.0192621 0.0734439 
-0.0167037 0.0734439 0.45067 
0.00411556 0.00178503 -0.0169412 
0.00178503 0.0195001 0.0744569 
-0.0169412 0.0744569 0.456876 
0.00415759 0.00179614 -0.017134 
0.00179614 0.019699 0.0752839 
-0.017134 0.0752839 0.461944 
0.00419231 0.0018066 -0.0172897 
0.0018066 0.0198634 0.0759554 
-0.0172897 0.0759554 0.466059 
0.00422075 0.00181598 -0.017415 
0.00181598 0.019998 0.0764978 
-0.017415 0.0764978 0.469385 
0.00424388 0.0018241 -0.0175155 
0.0018241 0.0201076 0.0769342 
-0.0175155 0.0769342 0.472061 
0.00426259 0.00183099 -0.0175959 
0.00183099 0.0201961 0.0772841 
-0.0175959 0.0772841 0.474207 
0.00427763 0.00183673 -0.0176601 
0.00183673 0.0202674 0.0775638 
-0.0176601 0.0775638 0.475922 
0.00428969 0.00184145 -0.0177111 
0.00184145 0.0203245 0.0777867 
-0.0177111 0.0777867 0.47729 
0.00429932 0.0018453 -0.0177517 
0.0018453 0.0203702 0.0779641 
-0.0177517 0.0779641 0.478378 
0.00430699 0.00184841 -0.0177838 
0.00184841 0.0204065 0.0781048 
-0.0177838 0.0781048 0.479241 
0.00431308 0.00185092 -0.0178093 
0.00185092 0.0204353 0.0782162 
-0.0178093 0.0782162 0.479925 
0.00431791 0.00185292 -0.0178294 
0.00185292 0.0204582 0.0783044 
-0.0178294 0.0783044 0.480465 
0.00432172 0.00185452 -0.0178453 
0.00185452 0.0204763 0.078374 
-0.0178453 0.078374 0.480892 
0.00432473 0.00185578 -0.0178578 
0.00185578 0.0204905 0.0784288 
-0.0178578 0.0784288 0.481229 
0.00432711 0.00185678 -0.0178676 
0.00185678 0.0205018 0.078472 
-0.0178676 0.078472 0.481494 
0.00432897 0.00185757 -0.0178754 
0.00185757 0.0205106 0.078506 
-0.0178754 0.078506 0.481702 
0.00433044 0.0018582 -0.0178814 
0.0018582 0.0205176 0.0785326 
-0.0178814 0.0785326 0.481866 
0.00433159 0.00185869 -0.0178862 
0.00185869 0.020523 0.0785535 
-0.0178862 0.0785535 0.481994 
0.00433249 0.00185907 -0.0178899 
0.00185907 0.0205273 0.0785699 
-0.0178899 0.0785699 0.482094 
0.0043332 0.00185937 -0.0178928 
0.00185937 0.0205306 0.0785827 
-0.0178928 0.0785827 0.482173 
0.00433375 0.00185961 -0.0178951 
0.00185961 0.0205332 0.0785927 
-0.0178951 0.0785927 0.482234 
0.00433418 0.00185979 -0.0178969 
0.00185979 0.0205353 0.0786005 
-0.0178969 0.0786005 0.482282 
0.00433451 0.00185994 -0.0178983 
0.00185994 0.0205369 0.0786065 
-0.0178983 0.0786065 0.482319 
