4  10
0.0458432  0.139365  0.0570464  0.168869  0.069663  0.0870529  0.0794472  0.0821745  0.114111  0.156428  
6.28519  1.47428  1.99901  3.281  
32.1096  2.5595  4.34622  6.72356  
48.2315  2.84304  6.1055  3.21606  
82.1604  2.88162  4.55517  6.15183  
112.438  -2.07124  2.81194  6.12455  
133.558  -9.0104  -0.00611359  0.294262  
153.97  -8.50431  2.11417  -3.43192  
169.573  -8.04  4.72664  -2.28323  
197.307  -7.99145  4.73161  -2.55568  
229.945  -7.91444  4.8152  -2.91099  
11.4886  3.47075  4.30075  6.52179  
3.47075  1.54776  1.31762  1.53895  
4.30075  1.31762  2.7878  1.80042  
6.52179  1.53895  1.80042  4.72497  
197.167  0.681359  4.00637  -2.56132  
0.681359  0.844181  0.447119  -0.543029  
4.00637  0.447119  1.57391  -0.935105  
-2.56132  -0.543029  -0.935105  0.785094  
74.9157  -7.28218  9.96788  -0.850983  
-7.28218  2.92884  -2.63323  -0.506577  
9.96788  -2.63323  6.71963  -2.35312  
-0.850983  -0.506577  -2.35312  3.31673  
177.155  -3.16656  7.06269  -0.938057  
-3.16656  2.27372  0.327836  -0.870837  
7.06269  0.327836  1.63942  -1.05146  
-0.938057  -0.870837  -1.05146  1.21795  
56.7642  -17.1053  1.65717  -7.18743  
-17.1053  8.63511  0.120416  3.69453  
1.65717  0.120416  1.46236  -0.372005  
-7.18743  3.69453  -0.372005  2.20304  
118.957  -0.295011  -6.21625  -3.74762  
-0.295011  1.02154  0.134872  2.38341  
-6.21625  0.134872  0.556981  0.588582  
-3.74762  2.38341  0.588582  6.98773  
202.049  1.57583  -0.389181  4.31474  
1.57583  0.704954  0.558145  0.467196  
-0.389181  0.558145  1.7735  1.16224  
4.31474  0.467196  1.16224  2.52908  
153.002  -0.309319  0.216039  1.57747  
-0.309319  0.0362213  0.00539063  0.0466364  
0.216039  0.00539063  0.0539201  0.0189628  
1.57747  0.0466364  0.0189628  0.31276  
140.201  -0.676116  -1.0579  1.39882  
-0.676116  0.0194936  0.0379565  -0.00174957  
-1.0579  0.0379565  0.085773  0.0404222  
1.39882  -0.00174957  0.0404222  0.351274  
165.782  -0.127215  0.125261  1.0366  
-0.127215  0.00443329  0.00176431  -0.0186985  
0.125261  0.00176431  0.020637  0.0794108  
1.0366  -0.0186985  0.0794108  0.48893  
