4  8
0.0401461  0.0969614  0.0831457  0.228971  0.128993  0.113759  0.122011  0.186013  
5.61964  1.33538  1.97886  3.28961  
57.0844  0.22349  0.0584917  -0.306881  
32.9524  -0.0321427  -0.0498421  -0.0673777  
78.3401  -0.112366  0.0537452  0.0347979  
124.532  -1.84094  -0.626618  -1.74347  
161.651  0.248303  0.704672  0.666645  
187.06  0.0431034  0.0501258  -0.0794349  
224.638  -0.00871611  -0.0164251  -0.0150864  
9.21463  -2.51225  -3.2878  -5.79832  
-2.51225  1.68553  -0.2065  1.05818  
-3.2878  -0.2065  5.546  1.65843  
-5.79832  1.05818  1.65843  4.68212  
507.401  -11.3485  -0.503081  11.5292  
-11.3485  10.9726  -5.03287  -4.79203  
-0.503081  -5.03287  18.3273  -3.67073  
11.5292  -4.79203  -3.67073  14.5564  
268.181  0.287279  0.81575  1.21201  
0.287279  0.00250164  0.00272871  0.00329123  
0.81575  0.00272871  0.0086638  0.00682522  
1.21201  0.00329123  0.00682522  0.0158176  
1200.83  4.35866  -4.31256  -9.00022  
4.35866  0.96359  -0.143645  -0.216962  
-4.31256  -0.143645  1.10653  -0.439032  
-9.00022  -0.216962  -0.439032  0.940658  
252.409  23.4266  9.09224  -9.39396  
23.4266  6.53178  0.888381  0.485718  
9.09224  0.888381  1.43957  -0.294109  
-9.39396  0.485718  -0.294109  4.77956  
290.386  -5.26618  -6.07823  -9.02905  
-5.26618  0.912005  -0.0664594  0.169303  
-6.07823  -0.0664594  1.22763  0.325899  
-9.02905  0.169303  0.325899  2.01018  
413.126  0.051913  0.894582  0.7576  
0.051913  0.0305106  0.014445  0.00552832  
0.894582  0.014445  0.0624789  0.028243  
0.7576  0.00552832  0.028243  0.073922  
289.616  0.000599887  0.0493945  0.160028  
0.000599887  0.00308031  0.00145121  0.000517174  
0.0493945  0.00145121  0.00796315  0.00383912  
0.160028  0.000517174  0.00383912  0.00617598  
