4  5
0.130224  0.195425  0.30845  0.187388  0.178513  
5.39583  -0.723357  1.82274  3.70949  
17.6278  1.21684  0.332903  -0.578078  
36.4813  -0.321274  -0.497173  0.368586  
55.0941  -0.92967  -1.62197  0.103567  
68.7669  -0.0334435  -0.379779  -0.243735  
7.97719  1.07524  -3.01427  -5.75633  
1.07524  1.84099  -1.18831  -0.0638551  
-3.01427  -1.18831  1.61875  1.80334  
-5.75633  -0.0638551  1.80334  4.5344  
18.5476  3.17544  2.14123  -4.75306  
3.17544  4.39231  -0.946187  -1.20026  
2.14123  -0.946187  1.97793  -0.558884  
-4.75306  -1.20026  -0.558884  1.70426  
45.5055  3.77741  -9.75711  0.972098  
3.77741  0.896545  -1.03174  -0.0483448  
-9.75711  -1.03174  2.7585  -0.27769  
0.972098  -0.0483448  -0.27769  0.368708  
17.2901  0.913593  1.68674  -1.29931  
0.913593  0.116995  0.155101  -0.03216  
1.68674  0.155101  0.684277  -0.0714052  
-1.29931  -0.03216  -0.0714052  0.160199  
15.345  0.0868021  0.0407219  0.176147  
0.0868021  0.0163041  0.0113767  0.00373283  
0.0407219  0.0113767  0.0452564  0.0176623  
0.176147  0.00373283  0.0176623  0.0193679  
