3,3,75
1.68959 -0.77903 0.709311 
-0.77903 0.477947 -0.370332 
0.709311 -0.370332 0.379181 
1.68661 -0.777654 0.708051 
-0.777654 0.477107 -0.369675 
0.708051 -0.369675 0.378511 
1.68126 -0.775183 0.705784 
-0.775183 0.475602 -0.368494 
0.705784 -0.368494 0.377307 
1.67127 -0.770558 0.701517 
-0.770558 0.472797 -0.366273 
0.701517 -0.366273 0.37505 
1.65179 -0.761522 0.693095 
-0.761522 0.467367 -0.361902 
0.693095 -0.361902 0.370633 
1.61264 -0.743247 0.675697 
-0.743247 0.456599 -0.35292 
0.675697 -0.35292 0.361665 
1.53392 -0.706001 0.638517 
-0.706001 0.435659 -0.333947 
0.638517 -0.333947 0.343221 
1.38929 -0.634977 0.558986 
-0.634977 0.400779 -0.294415 
0.558986 -0.294415 0.307215 
1.20817 -0.53266 0.401405 
-0.53266 0.375692 -0.220775 
0.401405 -0.220775 0.251194 
1.2693 -0.497472 0.152265 
-0.497472 0.481104 -0.119791 
0.152265 -0.119791 0.213102 
1.95949 -0.688732 -0.108532 
-0.688732 0.852881 -0.041912 
-0.108532 -0.041912 0.264198 
2.89887 -0.99245 -0.275316 
-0.99245 1.29855 -0.0142409 
-0.275316 -0.014241 0.369221 
3.4781 -1.1868 -0.347441 
-1.1868 1.56351 -0.00996324 
-0.347441 -0.00996329 0.43977 
3.70277 -1.26305 -0.371695 
-1.26305 1.66509 -0.00985448 
-0.371695 -0.00985454 0.46784 
3.76245 -1.28337 -0.377845 
-1.28337 1.69199 -0.00994998 
-0.377845 -0.00995004 0.475359 
3.76002 -1.28254 -0.377616 
-1.28254 1.69092 -0.00994259 
-0.377616 -0.00994265 0.475064 
3.72885 -1.27191 -0.374495 
-1.27191 1.67696 -0.00986848 
-0.374495 -0.00986854 0.471161 
3.67236 -1.25265 -0.368844 
-1.25265 1.65168 -0.00973933 
-0.368844 -0.00973938 0.464106 
3.58024 -1.22125 -0.359644 
-1.22125 1.61054 -0.00954536 
-0.359644 -0.00954542 0.452668 
3.43169 -1.17062 -0.344856 
-1.17062 1.54449 -0.00927923 
-0.344856 -0.00927928 0.434412 
3.19495 -1.08998 -0.321425 
-1.08998 1.44001 -0.00898452 
-0.321425 -0.00898457 0.405842 
2.83117 -0.966186 -0.285791 
-0.966186 1.28157 -0.00888753 
-0.285792 -0.00888757 0.363384 
2.3157 -0.791092 -0.236272 
-0.791092 1.06266 -0.00968422 
-0.236272 -0.00968425 0.307004 
1.68743 -0.578428 -0.178208 
-0.578428 0.808979 -0.0128579 
-0.178208 -0.0128579 0.247209 
1.08817 -0.377051 -0.127337 
-0.377051 0.592891 -0.0202195 
-0.127337 -0.0202195 0.207732 
0.687932 -0.244832 -0.100354 
-0.244832 0.48867 -0.0318533 
-0.100354 -0.0318533 0.208573 
0.526907 -0.194424 -0.0980578 
-0.194424 0.495831 -0.0447571 
-0.0980578 -0.0447571 0.242221 
0.508873 -0.19186 -0.107266 
-0.19186 0.550915 -0.055295 
-0.107266 -0.055295 0.28282 
0.533496 -0.202547 -0.116768 
-0.202547 0.602298 -0.0621125 
-0.116768 -0.0621125 0.313282 
0.556809 -0.211753 -0.122959 
-0.211753 0.634863 -0.0658727 
-0.122959 -0.0658728 0.331209 
0.570684 -0.217106 -0.12626 
-0.217106 0.652039 -0.0677413 
-0.12626 -0.0677414 0.340382 
0.5776 -0.219753 -0.127837 
-0.219753 0.660209 -0.0686073 
-0.127837 -0.0686073 0.344689 
0.58074 -0.22095 -0.12854 
-0.22095 0.663848 -0.0689885 
-0.12854 -0.0689885 0.346597 
0.582082 -0.221461 -0.128839 
-0.221461 0.66539 -0.0691494 
-0.128839 -0.0691494 0.347403 
0.582626 -0.221668 -0.12896 
-0.221668 0.666013 -0.0692142 
-0.12896 -0.0692142 0.347729 
0.582823 -0.221743 -0.129003 
-0.221743 0.666238 -0.0692376 
-0.129003 -0.0692376 0.347847 
0.582847 -0.221752 -0.129008 
-0.221752 0.666266 -0.0692405 
-0.129008 -0.0692405 0.347861 
0.582714 -0.221702 -0.128979 
-0.221702 0.666115 -0.0692247 
-0.128979 -0.0692248 0.347782 
0.58229 -0.22154 -0.128885 
-0.22154 0.665629 -0.0691743 
-0.128885 -0.0691743 0.347528 
0.581174 -0.221116 -0.128638 
-0.221116 0.664354 -0.0690416 
-0.128638 -0.0690416 0.346862 
0.578407 -0.220062 -0.128025 
-0.220062 0.661198 -0.0687121 
-0.128025 -0.0687121 0.345212 
0.571869 -0.217567 -0.126574 
-0.217567 0.653757 -0.0679305 
-0.126574 -0.0679305 0.341311 
0.557227 -0.211959 -0.123312 
-0.211959 0.6372 -0.0661651 
-0.123312 -0.0661651 0.332581 
0.526741 -0.200179 -0.116463 
-0.200179 0.603216 -0.0624189 
-0.116463 -0.0624189 0.314428 
0.469742 -0.177742 -0.103424 
-0.177741 0.541659 -0.0551293 
-0.103424 -0.0551294 0.280585 
0.379364 -0.14079 -0.08198 
-0.14079 0.450632 -0.042624 
-0.08198 -0.042624 0.227245 
0.266778 -0.0912672 -0.0533061 
-0.0912672 0.353964 -0.0246378 
-0.0533061 -0.0246378 0.161615 
0.164478 -0.0398239 -0.0236347 
-0.0398239 0.296988 -0.0038518 
-0.0236347 -0.0038518 0.103487 
0.0994121 0.0014914 6.1838e-05 
0.00149141 0.301915 0.0152951 
6.1838e-05 0.0152951 0.0685266 
0.0706157 0.0286196 0.0155127 
0.0286196 0.346446 0.0298659 
0.0155127 0.0298659 0.0551222 
0.0622383 0.0444774 0.0244785 
0.0444774 0.397549 0.0395967 
0.0244785 0.0395967 0.0530856 
0.0616886 0.0533526 0.0294642 
0.0533526 0.438422 0.0456368 
0.0294642 0.0456368 0.0547842 
0.0631365 0.0583084 0.0322345 
0.0583084 0.466448 0.0492613 
0.0322345 0.0492613 0.0569362 
0.0646216 0.061095 0.0337869 
0.061095 0.484197 0.0513957 
0.0337869 0.0513957 0.0586064 
0.0656457 0.0626142 0.0346316 
0.0626142 0.494509 0.0525901 
0.0346316 0.0525901 0.059664 
0.0660752 0.0632476 0.0349837 
0.0632476 0.498815 0.0530886 
0.0349837 0.0530886 0.0601068 
0.0656886 0.0629721 0.0348317 
0.0629721 0.496343 0.052844 
0.0348317 0.052844 0.0597777 
0.0638868 0.0612842 0.0338961 
0.0612842 0.48288 0.0514265 
0.0338961 0.0514265 0.0581499 
0.0594163 0.0570005 0.0315149 
0.0570005 0.448919 0.0478566 
0.0315149 0.0478566 0.0540955 
0.0504917 0.0483806 0.0266928 
0.0483806 0.380305 0.0407472 
0.0266928 0.0407472 0.0460205 
0.0366946 0.0349085 0.0190427 
0.0349085 0.271692 0.0298972 
0.0190427 0.0298972 0.0336326 
0.0224603 0.0206548 0.0106554 
0.0206548 0.153141 0.0190891 
0.0106554 0.0190891 0.0211082 
0.0144177 0.0120009 0.00507448 
0.0120009 0.0750867 0.013645 
0.00507448 0.013645 0.0144704 
0.012861 0.00958982 0.00296138 
0.00958982 0.046396 0.013405 
0.00296138 0.013405 0.013724 
0.013744 0.0098122 0.00255277 
0.0098122 0.0415343 0.0148076 
0.00255277 0.0148076 0.0149854 
0.0147027 0.0103905 0.00258191 
0.0103905 0.042473 0.0159577 
0.00258191 0.0159577 0.0161083 
0.0152747 0.0107725 0.00265108 
0.0107725 0.0437141 0.0166032 
0.00265108 0.0166032 0.0167513 
0.0155621 0.0109706 0.0026946 
0.0109706 0.0444529 0.0169206 
0.0026946 0.0169206 0.0170698 
0.0156976 0.0110652 0.00271677 
0.0110652 0.044823 0.017069 
0.00271677 0.017069 0.0172191 
0.01576 0.011109 0.00272731 
0.011109 0.0449977 0.0171371 
0.00272731 0.0171371 0.0172877 
0.0157886 0.0111291 0.0027322 
0.0111291 0.0450787 0.0171682 
0.0027322 0.0171682 0.0173191 
0.0158017 0.0111384 0.00273446 
0.0111384 0.045116 0.0171825 
0.00273446 0.0171825 0.0173335 
0.0158078 0.0111426 0.0027355 
0.0111426 0.0451332 0.0171891 
0.0027355 0.0171891 0.0173401 
0.0158106 0.0111446 0.00273599 
0.0111446 0.0451412 0.0171921 
0.00273599 0.0171921 0.0173432 
0.0158119 0.0111455 0.00273621 
0.0111455 0.045145 0.0171935 
0.00273621 0.0171935 0.0173446 
