4  6
0.130624  0.245932  0.161411  0.141398  0.136005  0.18463  
5.41114  -0.655227  1.59805  3.14801  
19.6819  -0.227814  3.70828  7.04965  
34.7361  0.588999  6.01943  5.87194  
46.1578  0.601278  4.13514  6.97436  
56.425  -0.640347  0.0149405  7.69725  
68.4899  -1.99454  -2.60907  7.31742  
8.03756  -1.3414  3.01891  5.8179  
-1.3414  1.4664  -1.08555  -0.411812  
3.01891  -1.08555  1.49637  1.89957  
5.8179  -0.411812  1.89957  4.52276  
31.4037  6.43293  2.32589  -2.41019  
6.43293  4.5086  -0.578289  -0.0431302  
2.32589  -0.578289  0.82096  -0.60509  
-2.41019  -0.0431302  -0.60509  0.905814  
17.6528  -2.69939  1.38767  0.650092  
-2.69939  0.58243  -0.283791  -0.0508071  
1.38767  -0.283791  0.193794  -0.00889752  
0.650092  -0.0508071  -0.00889752  0.113056  
14.0362  0.154064  -4.41443  0.683229  
0.154064  0.405733  -0.345472  0.073789  
-4.41443  -0.345472  1.75551  -0.308774  
0.683229  0.073789  -0.308774  0.078269  
12.6874  -1.3579  -3.33109  0.394773  
-1.3579  0.612938  0.693848  0.0396367  
-3.33109  0.693848  1.33781  -0.0606213  
0.394773  0.0396367  -0.0606213  0.0393114  
17.0371  -0.0139665  -1.40223  -0.719865  
-0.0139665  0.567344  0.32359  0.207358  
-1.40223  0.32359  1.06167  0.329217  
-0.719865  0.207358  0.329217  0.14189  
