4  9
0.109416  0.0664997  0.162566  0.0998075  0.125701  0.10762  0.0948573  0.123459  0.110074  
4.88763  -0.157649  0.951315  3.13761  
11.9219  -0.565038  2.07889  7.52864  
21.2953  -0.540218  3.49261  7.31929  
31.5475  -0.64237  5.80676  6.40838  
40.643  2.5879  3.42898  6.68513  
49.6605  4.51604  -0.291312  7.01866  
63.7144  4.15191  -2.50973  7.06242  
67.7594  4.12611  -1.97722  7.14439  
69.9464  4.34521  -3.10857  6.73408  
6.39429  -0.281948  1.64077  5.38761  
-0.281948  0.0245117  -0.0694328  -0.240456  
1.64077  -0.0694328  0.592044  1.33948  
5.38761  -0.240456  1.33948  4.57822  
2.51829  -0.101101  0.170101  0.666599  
-0.101101  0.0559554  0.0771053  -0.0420914  
0.170101  0.0771053  0.796901  -0.159866  
0.666599  -0.0420914  -0.159866  0.247104  
17.0575  0.221964  3.71443  -2.37118  
0.221964  0.0339425  0.08554  -0.0450298  
3.71443  0.08554  1.34493  -0.666393  
-2.37118  -0.0450298  -0.666393  0.392682  
11.334  0.7703  0.998303  -0.40256  
0.7703  0.106129  0.0450244  -0.0299091  
0.998303  0.0450244  0.168901  -0.0819677  
-0.40256  -0.0299091  -0.0819677  0.064223  
14.3888  4.13773  -5.01048  0.577513  
4.13773  1.90262  -2.04119  0.207226  
-5.01048  -2.04119  2.42925  -0.27845  
0.577513  0.207226  -0.27845  0.041187  
10.3442  0.0397463  -1.70852  0.557971  
0.0397463  0.179236  -0.171692  -0.0734855  
-1.70852  -0.171692  0.650203  -0.0236957  
0.557971  -0.0734855  -0.0236957  0.0707298  
28.8502  -0.623034  -2.40842  -0.390124  
-0.623034  0.0931583  -0.055514  -0.0478917  
-2.40842  -0.055514  0.370014  0.115793  
-0.390124  -0.0478917  0.115793  0.0476254  
56.187  -1.18532  -5.0628  -0.574174  
-1.18532  0.140935  0.240176  0.00369231  
-5.0628  0.240176  0.615567  0.0419147  
-0.574174  0.00369231  0.0419147  0.00664699  
68.2605  -2.53  -5.57665  -0.955532  
-2.53  0.114744  0.217867  0.0297555  
-5.57665  0.217867  0.482041  0.0840829  
-0.955532  0.0297555  0.0840829  0.0198027  
