3,3,80
0.0120791 0.00291461 -0.00289559 
0.00291461 0.17102 -0.0429725 
-0.00289559 -0.0429725 0.0388085 
0.0120788 0.00291452 -0.0028955 
0.00291452 0.171015 -0.0429713 
-0.0028955 -0.0429713 0.0388073 
0.0120779 0.00291432 -0.0028953 
0.00291432 0.171003 -0.0429683 
-0.0028953 -0.0429683 0.0388047 
0.0120758 0.0029138 -0.00289479 
0.0029138 0.170973 -0.0429607 
-0.00289479 -0.0429607 0.0387978 
0.0120686 0.00291208 -0.00289308 
0.00291208 0.170872 -0.0429353 
-0.00289308 -0.0429353 0.0387748 
0.0120299 0.00290284 -0.0028838 
0.00290284 0.170324 -0.0427976 
-0.0028838 -0.0427976 0.0386503 
0.0117453 0.00284304 -0.00281598 
0.00284304 0.166301 -0.0417877 
-0.00281598 -0.0417877 0.0377238 
0.0102374 0.00302509 -0.00247708 
0.00302509 0.145345 -0.036581 
-0.00247708 -0.036581 0.032145 
0.0120796 0.0138302 -0.00334042 
0.0138302 0.17881 -0.0460895 
-0.00334042 -0.0460895 0.0241253 
0.0301335 0.0479856 -0.00887749 
0.0479856 0.455606 -0.118795 
-0.00887749 -0.118795 0.0420378 
0.0418041 0.0675276 -0.012356 
0.0675276 0.63276 -0.165084 
-0.012356 -0.165084 0.0570319 
0.0434697 0.0702392 -0.0128635 
0.0702392 0.658183 -0.171749 
-0.0128635 -0.171749 0.0592845 
0.0388057 0.0625236 -0.011554 
0.0625236 0.588499 -0.153709 
-0.011554 -0.153709 0.0532111 
0.0271667 0.0426316 -0.00852638 
0.0426316 0.417775 -0.110009 
-0.00852638 -0.110009 0.03907 
0.0194877 0.0258803 -0.00792214 
0.0258803 0.323552 -0.0888214 
-0.00792214 -0.0888214 0.0355306 
0.0265168 0.0319147 -0.0120473 
0.0319147 0.457009 -0.127814 
-0.0120473 -0.127814 0.0536142 
0.0303846 0.0364055 -0.0138677 
0.0364055 0.524504 -0.146804 
-0.0138677 -0.146804 0.0616969 
0.0309754 0.0371108 -0.0141383 
0.0371108 0.534715 -0.149664 
-0.0141383 -0.149664 0.0629007 
0.030998 0.0371378 -0.0141487 
0.0371378 0.535106 -0.149773 
-0.0141487 -0.149773 0.0629467 
0.0309177 0.0370413 -0.0141119 
0.0370413 0.533716 -0.149384 
-0.0141119 -0.149384 0.0627834 
0.0307121 0.0367927 -0.0140175 
0.0367927 0.530144 -0.148385 
-0.0140175 -0.148385 0.0623643 
0.0302298 0.0362016 -0.013794 
0.0362016 0.521691 -0.146022 
-0.013794 -0.146022 0.061376 
0.0291731 0.0348642 -0.0132937 
0.0348642 0.502756 -0.140742 
-0.0132937 -0.140742 0.0591816 
0.0271034 0.0320407 -0.0122623 
0.0320407 0.463687 -0.129901 
-0.0122623 -0.129901 0.0547451 
0.0238121 0.0266885 -0.0104049 
0.0266885 0.393188 -0.110554 
-0.0104049 -0.110554 0.0471044 
0.0204339 0.0181066 -0.00771976 
0.0181066 0.290835 -0.0831449 
-0.00771976 -0.0831449 0.0371634 
0.020074 0.00722862 -0.00492189 
0.00722862 0.183175 -0.0558653 
-0.00492189 -0.0558653 0.0293338 
0.0248337 -0.00324395 -0.00301672 
-0.00324395 0.108301 -0.03932 
-0.00301672 -0.03932 0.0280023 
0.0324722 -0.011044 -0.00222979 
-0.011044 0.0757373 -0.0347974 
-0.00222979 -0.0347974 0.0319612 
0.0392043 -0.0158433 -0.00205944 
-0.0158433 0.0678073 -0.0359317 
-0.00205943 -0.0359317 0.0367519 
0.0434202 -0.0186099 -0.00201314 
-0.0186099 0.0675429 -0.0374062 
-0.00201314 -0.0374062 0.0394947 
0.0460586 -0.0211114 -0.00179045 
-0.0211114 0.0680288 -0.03706 
-0.00179045 -0.03706 0.0392547 
0.0512795 -0.0272245 -0.00105731 
-0.0272244 0.0702923 -0.0344828 
-0.00105731 -0.0344828 0.0357692 
0.0702766 -0.0464786 0.00085807 
-0.0464786 0.0841395 -0.0306451 
0.000858071 -0.0306451 0.0292457 
0.124443 -0.0964073 0.00506864 
-0.0964072 0.130498 -0.0287287 
0.00506864 -0.0287287 0.0213186 
0.231828 -0.19092 0.0122911 
-0.19092 0.228312 -0.0330274 
0.0122911 -0.0330274 0.0152529 
0.375831 -0.314849 0.0212686 
-0.314849 0.363166 -0.0438846 
0.0212686 -0.0438846 0.0131962 
0.509296 -0.42845 0.0292721 
-0.42845 0.489794 -0.0562257 
0.0292721 -0.0562257 0.0140105 
0.599979 -0.505225 0.0346054 
-0.505225 0.576372 -0.065354 
0.0346054 -0.065354 0.0154528 
0.645041 -0.543287 0.0372253 
-0.543287 0.619529 -0.070045 
0.0372253 -0.070045 0.0163674 
0.651236 -0.548537 0.0375417 
-0.548537 0.625555 -0.0706246 
0.0375417 -0.0706246 0.0164911 
0.618743 -0.521213 0.0354272 
-0.521213 0.59489 -0.0668442 
0.0354272 -0.0668442 0.0157598 
0.539701 -0.454808 0.0298274 
-0.454808 0.521343 -0.0572053 
0.0298274 -0.0572053 0.014196 
0.413802 -0.349356 0.0189859 
-0.349356 0.408582 -0.0398899 
0.0189859 -0.0398899 0.0125152 
0.27422 -0.233265 0.00200266 
-0.233265 0.294884 -0.0156185 
0.00200266 -0.0156185 0.0127368 
0.176327 -0.153288 -0.0186098 
-0.153288 0.234986 0.0103002 
-0.0186098 0.0103002 0.0165469 
0.138911 -0.124531 -0.0374485 
-0.124531 0.237083 0.0314127 
-0.0374485 0.0314127 0.0226065 
0.136462 -0.124623 -0.0506859 
-0.124623 0.264593 0.0450679 
-0.0506859 0.0450679 0.028045 
0.142166 -0.130648 -0.0579265 
-0.130648 0.287331 0.0521887 
-0.0579265 0.0521887 0.0313685 
0.144287 -0.13277 -0.0602956 
-0.13277 0.295042 0.054508 
-0.0602956 0.054508 0.0324693 
0.139328 -0.128089 -0.0586196 
-0.128089 0.285784 0.0530484 
-0.0586196 0.0530484 0.0315233 
0.125606 -0.115026 -0.0529134 
-0.115026 0.257717 0.0479258 
-0.0529134 0.0479258 0.0284612 
0.101946 -0.0921899 -0.0428869 
-0.0921899 0.208796 0.0389569 
-0.0428869 0.0389569 0.0231289 
0.0708378 -0.0612826 -0.0296593 
-0.0612826 0.144036 0.0273046 
-0.0296593 0.0273046 0.0161865 
0.0424475 -0.0312803 -0.0176153 
-0.0312803 0.0841846 0.0171576 
-0.0176153 0.0171576 0.01008 
0.0278472 -0.0132923 -0.01156 
-0.0132923 0.0523235 0.0128819 
-0.01156 0.0128819 0.00738032 
0.0256886 -0.00787665 -0.0109238 
-0.00787665 0.0464091 0.0135566 
-0.0109238 0.0135566 0.00759045 
0.0275578 -0.00789021 -0.0119986 
-0.00789021 0.0494563 0.015414 
-0.0119986 0.015414 0.00854599 
0.0290799 -0.00860691 -0.0128067 
-0.00860691 0.0522447 0.01659 
-0.0128067 0.01659 0.00916778 
0.0296918 -0.00870989 -0.013067 
-0.00870989 0.053313 0.0169318 
-0.013067 0.0169318 0.0093589 
0.0297344 -0.00806616 -0.012922 
-0.00806616 0.0531825 0.0166662 
-0.012922 0.0166662 0.00924234 
0.0294784 -0.006738 -0.0124942 
-0.006738 0.0523306 0.0159604 
-0.0124942 0.0159604 0.00890949 
0.0290627 -0.00479103 -0.011852 
-0.00479103 0.0510134 0.0149074 
-0.011852 0.0149074 0.00841069 
0.0285656 -0.00228977 -0.0110406 
-0.00228977 0.0493834 0.013571 
-0.0110406 0.013571 0.00777973 
0.0280475 0.00068785 -0.010102 
0.00068785 0.0475667 0.0120131 
-0.010102 0.0120131 0.00704858 
0.0275657 0.00404148 -0.0090825 
0.00404148 0.0456902 0.0103042 
-0.0090825 0.0103042 0.00625317 
0.0271747 0.00764535 -0.00803416 
0.00764535 0.0438841 0.00852515 
-0.00803416 0.00852515 0.00543403 
0.0269198 0.0113505 -0.00701138 
0.0113505 0.04227 0.00676332 
-0.00701138 0.00676332 0.00463424 
0.0268287 0.0149924 -0.006066 
0.0149924 0.0409433 0.00510512 
-0.006066 0.00510512 0.00389547 
0.0269027 0.018404 -0.00524096 
0.018404 0.0399566 0.00362672 
-0.00524096 0.00362672 0.00325321 
0.0271132 0.0214319 -0.00456459 
0.0214319 0.0393066 0.00238469 
-0.00456459 0.00238469 0.0027322 
0.0274036 0.0239531 -0.00404731 
0.0239531 0.0389341 0.00140959 
-0.00404731 0.00140959 0.0023435 
0.0276992 0.0258882 -0.00368176 
0.0258882 0.0387363 0.000704207 
-0.00368176 0.000704207 0.0020842 
0.0279214 0.0272072 -0.0034467 
0.0272072 0.0385892 0.000247362 
-0.0034467 0.000247362 0.00193995 
0.0280033 0.0279268 -0.00331317 
0.0279268 0.038375 1.69175e-06 
-0.00331317 1.69175e-06 0.00188942 
0.0279009 0.0281017 -0.00325105 
0.0281017 0.0380035 -7.71424e-05 
-0.00325105 -7.71424e-05 0.00190922 
0.0275977 0.027811 -0.00323409 
0.027811 0.0374242 -3.24759e-05 
-0.00323409 -3.24759e-05 0.0019779 
0.0271029 0.0271455 -0.00324252 
0.0271455 0.0366264 9.852e-05 
-0.00324252 9.852e-05 0.00207834 
0.0264449 0.0261962 -0.00326355 
0.0261962 0.0356317 0.000286952 
-0.00326355 0.000286952 0.00219836 
0.0256631 0.0250476 -0.00329023 
0.0250476 0.0344827 0.000512018 
-0.00329023 0.000512018 0.00233025 
