3,3,77
0.467658 0.28715 -0.541418 
0.28715 3.00007 1.89996 
-0.541418 1.89996 4.18076 
0.465938 0.286103 -0.53939 
0.286103 2.98893 1.89289 
-0.53939 1.89289 4.16517 
0.463675 0.284727 -0.536706 
0.284727 2.97423 1.88354 
-0.536706 1.88354 4.14457 
0.460683 0.282915 -0.533134 
0.282915 2.95472 1.87112 
-0.533134 1.87112 4.11719 
0.456713 0.280521 -0.52835 
0.280521 2.92871 1.85454 
-0.52835 1.85454 4.08061 
0.451439 0.277359 -0.521911 
0.277359 2.89392 1.83231 
-0.521911 1.83231 4.03153 
0.44444 0.273197 -0.513211 
0.273197 2.8473 1.80244 
-0.513211 1.80244 3.96549 
0.435198 0.267768 -0.501434 
0.267768 2.7849 1.76229 
-0.501434 1.76229 3.87661 
0.423125 0.260802 -0.485498 
0.260802 2.7018 1.70851 
-0.485498 1.70851 3.7573 
0.407662 0.252124 -0.464018 
0.252124 2.59229 1.63706 
-0.464018 1.63706 3.59829 
0.388498 0.241843 -0.435323 
0.241843 2.45057 1.54351 
-0.435323 1.54351 3.38917 
0.366004 0.230703 -0.397578 
0.230703 2.27252 1.42389 
-0.397578 1.42389 3.1201 
0.341907 0.220601 -0.349113 
0.220601 2.05861 1.27638 
-0.349113 1.27638 2.78521 
0.320092 0.215157 -0.289023 
0.215157 1.81818 1.10373 
-0.289023 1.10373 2.38787 
0.307008 0.219881 -0.217982 
0.219881 1.57303 0.915748 
-0.217982 0.915748 1.94626 
0.310778 0.241235 -0.138935 
0.241235 1.35662 0.729868 
-0.138935 0.729868 1.49549 
0.338324 0.284108 -0.0570977 
0.284108 1.2053 0.567455 
-0.0570977 0.567455 1.08119 
0.391402 0.34859 0.0211724 
0.34859 1.14279 0.446077 
0.0211724 0.446077 0.744168 
0.464392 0.428466 0.0902619 
0.428466 1.168 0.372136 
0.0902619 0.372136 0.504589 
0.546185 0.513222 0.146864 
0.513222 1.25632 0.339497 
0.146864 0.339497 0.357042 
0.625024 0.59239 0.190349 
0.59239 1.37338 0.334744 
0.190349 0.334744 0.279135 
0.692696 0.659062 0.222059 
0.659062 1.49006 0.344212 
0.222059 0.344212 0.244885 
0.745823 0.710788 0.244251 
0.710788 1.58945 0.358163 
0.244251 0.358163 0.23369 
0.784759 0.748415 0.259281 
0.748415 1.66586 0.371365 
0.259281 0.371365 0.232656 
0.811757 0.774383 0.269166 
0.774383 1.72038 0.381811 
0.269166 0.381811 0.235051 
0.829505 0.791404 0.275447 
0.791404 1.75685 0.389205 
0.275447 0.389205 0.237891 
0.840297 0.801736 0.279188 
0.801736 1.77926 0.393888 
0.279188 0.393888 0.240071 
0.845661 0.806868 0.281031 
0.806868 1.79044 0.396253 
0.281031 0.396253 0.241249 
0.846198 0.807383 0.281231 
0.807383 1.79151 0.396443 
0.281231 0.396443 0.24127 
0.841436 0.802835 0.279651 
0.802835 1.78142 0.394173 
0.279651 0.394173 0.239867 
0.829616 0.79154 0.275708 
0.79154 1.75644 0.388567 
0.275708 0.388567 0.236497 
0.807431 0.770313 0.268279 
0.770313 1.70961 0.377983 
0.268279 0.377983 0.230216 
0.769941 0.734368 0.255654 
0.734368 1.63065 0.359867 
0.255654 0.359867 0.219673 
0.711281 0.677921 0.235707 
0.677921 1.50759 0.330879 
0.235707 0.330879 0.203349 
0.627105 0.596419 0.206608 
0.596419 1.33219 0.287689 
0.206608 0.287689 0.180343 
0.519142 0.490779 0.16824 
0.490779 1.10986 0.228793 
0.16824 0.228793 0.151755 
0.399445 0.371554 0.123716 
0.371554 0.86833 0.156845 
0.123716 0.156845 0.121807 
0.288484 0.257644 0.0792389 
0.257644 0.652462 0.0794278 
0.0792389 0.0794278 0.0968616 
0.204727 0.167041 0.0413008 
0.167041 0.500457 0.00637625 
0.0413008 0.00637625 0.0818702 
0.154313 0.107072 0.0133285 
0.107072 0.421841 -0.0547922 
0.0133285 -0.0547922 0.0773643 
0.13108 0.0736255 -0.0050534 
0.0736255 0.399376 -0.101365 
-0.0050534 -0.101365 0.0801167 
0.12434 0.0577079 -0.0162593 
0.0577079 0.407578 -0.134538 
-0.0162593 -0.134538 0.0860795 
0.125285 0.0513101 -0.0228442 
0.05131 0.426871 -0.157192 
-0.0228442 -0.157192 0.0924155 
0.128746 0.0493368 -0.0266804 
0.0493368 0.446698 -0.172264 
-0.0266804 -0.172264 0.0977871 
0.132327 0.0491213 -0.0289243 
0.0491212 0.462888 -0.182083 
-0.0289243 -0.182083 0.101827 
0.135135 0.049434 -0.0302305 
0.049434 0.474447 -0.188261 
-0.0302305 -0.188261 0.104596 
0.13691 0.0497513 -0.0309494 
0.0497513 0.481487 -0.191804 
-0.0309494 -0.191804 0.106249 
0.137561 0.0498469 -0.0312529 
0.0498469 0.484176 -0.193217 
-0.0312529 -0.193217 0.106883 
0.136942 0.049595 -0.0312029 
0.049595 0.482243 -0.192587 
-0.0312029 -0.192587 0.106456 
0.134742 0.0488957 -0.0307918 
0.0488957 0.474772 -0.189613 
-0.0307918 -0.189613 0.104752 
0.13046 0.0477001 -0.0299883 
0.0477001 0.460272 -0.183665 
-0.0299883 -0.183665 0.101372 
0.123565 0.0462049 -0.0288474 
0.0462049 0.437463 -0.174044 
-0.0288474 -0.174044 0.0958401 
0.114062 0.0453835 -0.0277864 
0.0453834 0.407791 -0.16083 
-0.0277864 -0.16083 0.0879935 
0.10379 0.0479815 -0.0281051 
0.0479815 0.380756 -0.146738 
-0.0281051 -0.146738 0.0788999 
0.0979956 0.0593896 -0.0324761 
0.0593896 0.379903 -0.13936 
-0.0324761 -0.13936 0.072029 
0.104705 0.0861897 -0.0442841 
0.0861897 0.438837 -0.150212 
-0.0442841 -0.150212 0.0729795 
0.129115 0.130603 -0.0648607 
0.130603 0.576364 -0.186632 
-0.0648607 -0.186632 0.0857351 
0.167249 0.18565 -0.0909621 
0.18565 0.77045 -0.242702 
-0.0909621 -0.242702 0.108172 
0.208144 0.238949 -0.116536 
0.238949 0.970283 -0.302502 
-0.116536 -0.302502 0.133238 
0.242464 0.281441 -0.137055 
0.281441 1.13475 -0.352557 
-0.137055 -0.352557 0.154664 
0.266912 0.310902 -0.151331 
0.310902 1.25073 -0.388169 
-0.151331 -0.388169 0.17007 
0.282578 0.329504 -0.160362 
0.329504 1.32466 -0.410972 
-0.160362 -0.410973 0.17999 
0.291971 0.340567 -0.165739 
0.340567 1.36885 -0.424639 
-0.165739 -0.424639 0.185953 
0.297373 0.346902 -0.16882 
0.346902 1.39422 -0.432498 
-0.16882 -0.432498 0.189388 
0.300399 0.350442 -0.170542 
0.350442 1.40842 -0.4369 
-0.170542 -0.4369 0.191314 
0.302065 0.352389 -0.171489 
0.352389 1.41624 -0.439323 
-0.171489 -0.439323 0.192374 
0.302971 0.353446 -0.172004 
0.353446 1.42049 -0.44064 
-0.172004 -0.44064 0.192951 
0.303458 0.354015 -0.172281 
0.354015 1.42277 -0.441349 
-0.172281 -0.441349 0.193261 
0.303719 0.354319 -0.172428 
0.354319 1.42399 -0.441728 
-0.172428 -0.441728 0.193427 
0.303857 0.35448 -0.172507 
0.35448 1.42464 -0.441929 
-0.172507 -0.441929 0.193515 
0.303929 0.354565 -0.172548 
0.354565 1.42498 -0.442034 
-0.172548 -0.442034 0.193561 
0.303967 0.354609 -0.17257 
0.354609 1.42516 -0.44209 
-0.17257 -0.44209 0.193585 
0.303987 0.354633 -0.172581 
0.354633 1.42525 -0.442118 
-0.172581 -0.442118 0.193598 
0.303997 0.354644 -0.172587 
0.354644 1.4253 -0.442133 
-0.172587 -0.442133 0.193605 
0.304003 0.354651 -0.17259 
0.354651 1.42533 -0.442141 
-0.17259 -0.442141 0.193608 
0.304005 0.354654 -0.172591 
0.354654 1.42534 -0.442145 
-0.172591 -0.442145 0.19361 
0.304007 0.354655 -0.172592 
0.354655 1.42535 -0.442147 
-0.172592 -0.442147 0.19361 
