4  4
0.115707  0.256804  0.38613  0.24136  
4.98454  -1.22466  -2.9615  3.07476  
19.4006  0.338145  0.961973  0.526842  
43.9933  0.374714  1.10539  -0.329351  
68.1721  -0.494158  -1.0108  0.603628  
6.7996  1.5666  3.73548  -3.95982  
1.5666  0.681762  1.00553  -0.840092  
3.73548  1.00553  4.35596  -0.0158738  
-3.95982  -0.840092  -0.0158738  4.58688  
34.9575  2.0457  4.14723  0.778221  
2.0457  0.210509  0.374757  0.0663422  
4.14723  0.374757  1.4013  0.759762  
0.778221  0.0663422  0.759762  0.829163  
76.67  1.96119  -12.6605  -0.0513665  
1.96119  1.58805  0.218848  0.0420884  
-12.6605  0.218848  3.06287  -0.0121001  
-0.0513665  0.0420884  -0.0121001  0.224069  
29.3238  4.96374  7.46125  -4.2852  
4.96374  1.65396  1.80288  -1.0728  
7.46125  1.80288  3.25919  -1.44969  
-4.2852  -1.0728  -1.44969  0.982231  
