3,3,120
0.0761882 0.244889 0.0765816 
0.244889 1.33144 0.184289 
0.0765818 0.184289 0.0965177 
0.0765985 0.246208 0.0769941 
0.246208 1.33861 0.185276 
0.0769944 0.185276 0.0970333 
0.0765733 0.246127 0.0769689 
0.246127 1.33817 0.185216 
0.0769691 0.185216 0.0970017 
0.0761069 0.244627 0.0765 
0.244627 1.33002 0.184093 
0.0765002 0.184093 0.0964156 
0.0750891 0.241355 0.0754766 
0.241355 1.31222 0.181646 
0.0754769 0.181646 0.095138 
0.0732695 0.235505 0.0736472 
0.235505 1.28041 0.177277 
0.0736474 0.177277 0.092859 
0.0701844 0.225584 0.0705449 
0.225584 1.22645 0.169889 
0.0705451 0.169889 0.0890104 
0.0650623 0.209109 0.0653936 
0.209109 1.13684 0.157681 
0.0653937 0.157681 0.0826679 
0.056847 0.182676 0.0571284 
0.182676 0.993011 0.138281 
0.0571286 0.138281 0.0726399 
0.044823 0.143956 0.0450231 
0.143956 0.782206 0.110425 
0.0450233 0.110425 0.0583952 
0.0305286 0.09784 0.0306095 
0.09784 0.530802 0.0787436 
0.0306096 0.0787436 0.042615 
0.019159 0.0609829 0.0190977 
0.0609829 0.329166 0.0565753 
0.0190977 0.0565753 0.0325011 
0.0148897 0.0468684 0.0147015 
0.0468684 0.250862 0.0529393 
0.0147015 0.0529393 0.0324741 
0.0154388 0.0483142 0.015168 
0.0483142 0.257446 0.0597242 
0.015168 0.0597242 0.0375584 
0.0167847 0.0524598 0.0164726 
0.0524598 0.279265 0.0660586 
0.0164726 0.0660586 0.0417398 
0.0175569 0.0548636 0.0172278 
0.0548636 0.292021 0.0692661 
0.0172278 0.0692661 0.0437956 
0.017865 0.0558251 0.0175298 
0.0558251 0.297135 0.0705012 
0.0175298 0.0705012 0.0445799 
0.0179665 0.056142 0.0176294 
0.056142 0.298821 0.0709035 
0.0176294 0.0709035 0.0448346 
0.0179942 0.0562287 0.0176566 
0.0562287 0.299282 0.0710132 
0.0176566 0.0710132 0.044904 
0.0179977 0.0562397 0.0176601 
0.0562397 0.299341 0.0710271 
0.0176601 0.0710271 0.0449128 
0.0179919 0.0562214 0.0176543 
0.0562214 0.299243 0.071004 
0.0176543 0.071004 0.0448982 
0.0179792 0.0561817 0.0176419 
0.0561817 0.299032 0.0709539 
0.0176419 0.0709539 0.0448667 
0.0179575 0.0561136 0.0176208 
0.0561136 0.298669 0.0708683 
0.0176208 0.0708683 0.044813 
0.0179217 0.0560012 0.0175862 
0.0560012 0.298069 0.0707272 
0.0175862 0.0707272 0.044725 
0.0178636 0.0558181 0.0175304 
0.0558181 0.297089 0.0704981 
0.0175304 0.0704981 0.0445836 
0.0177707 0.0555235 0.0174426 
0.0555235 0.295507 0.070132 
0.0174426 0.070132 0.044361 
0.0176248 0.0550566 0.0173084 
0.0550566 0.292987 0.0695579 
0.0173084 0.0695579 0.0440217 
0.0174018 0.0543315 0.0171126 
0.0543315 0.289036 0.0686825 
0.0171126 0.0686825 0.043529 
0.0170743 0.0532369 0.0168491 
0.0532369 0.282981 0.0674013 
0.0168491 0.0674013 0.0428718 
0.0166224 0.0516514 0.0165472 
0.0516514 0.273983 0.065646 
0.0165472 0.065646 0.0421355 
0.016063 0.0494947 0.0163307 
0.0494947 0.261188 0.0635036 
0.0163307 0.0635036 0.0416595 
0.0155079 0.0468445 0.0165311 
0.0468445 0.244134 0.0614594 
0.0165311 0.0614594 0.0423361 
0.0152565 0.0441328 0.0178517 
0.0441328 0.223499 0.0607753 
0.0178517 0.0607753 0.0460459 
0.0158846 0.0423604 0.0215073 
0.0423604 0.202039 0.0638515 
0.0215073 0.0638515 0.056024 
0.0182215 0.0431181 0.0291262 
0.0431181 0.184998 0.0741209 
0.0291262 0.0741209 0.0765936 
0.023078 0.0481216 0.0421693 
0.0481216 0.178875 0.0949143 
0.0421693 0.0949143 0.11162 
0.030759 0.0582761 0.0609742 
0.0582761 0.188337 0.127442 
0.0609742 0.127442 0.161969 
0.0407104 0.0729151 0.0841308 
0.0729151 0.213263 0.169347 
0.0841308 0.169347 0.223862 
0.0516771 0.0899744 0.108896 
0.0899744 0.248648 0.215379 
0.108896 0.215379 0.289983 
0.0622799 0.107007 0.132401 
0.107007 0.287467 0.259798 
0.132401 0.259798 0.352695 
0.0715377 0.122173 0.152684 
0.122173 0.323874 0.298535 
0.152684 0.298535 0.40679 
0.0790309 0.134601 0.168977 
0.134601 0.354643 0.329864 
0.168977 0.329864 0.45023 
0.0847761 0.144205 0.181408 
0.144205 0.378886 0.353872 
0.181408 0.353872 0.483366 
0.0890172 0.151332 0.190554 
0.151332 0.397097 0.371589 
0.190554 0.371589 0.507743 
0.0920608 0.156465 0.197103 
0.156465 0.410317 0.384301 
0.197103 0.384301 0.525198 
0.0941836 0.160052 0.201664 
0.160052 0.419606 0.393165 
0.201664 0.393165 0.537352 
0.0955888 0.162429 0.204679 
0.162429 0.425782 0.399029 
0.204679 0.399029 0.545387 
0.0963852 0.16377 0.206381 
0.16377 0.429287 0.40234 
0.206381 0.40234 0.549922 
0.0965673 0.164046 0.206743 
0.164046 0.430071 0.40304 
0.206743 0.40304 0.550886 
0.0959918 0.162944 0.205392 
0.162944 0.427468 0.400396 
0.205392 0.400396 0.547282 
0.0943778 0.159735 0.201483 
0.159735 0.420161 0.392743 
0.201483 0.392743 0.536853 
0.0914546 0.153115 0.193615 
0.153115 0.406736 0.377292 
0.193615 0.377292 0.515844 
0.0875783 0.141133 0.180063 
0.141133 0.388155 0.350508 
0.180063 0.350508 0.47959 
0.0853196 0.121535 0.159888 
0.121535 0.374247 0.310112 
0.159888 0.310112 0.425411 
0.0918021 0.0929781 0.135255 
0.0929781 0.393454 0.259412 
0.135255 0.259412 0.358714 
0.118641 0.0569014 0.113229 
0.0569014 0.493037 0.210946 
0.113229 0.210946 0.297838 
0.174526 0.0182581 0.102868 
0.0182581 0.709297 0.181706 
0.102868 0.181706 0.266653 
0.254596 -0.0167648 0.107822 
-0.0167648 1.02411 0.179787 
0.107822 0.179787 0.275277 
0.341341 -0.0442227 0.123393 
-0.0442227 1.36772 0.198311 
0.123393 0.198311 0.31209 
0.417544 -0.063528 0.141759 
-0.063528 1.67075 0.224045 
0.141759 0.224045 0.357047 
0.475118 -0.0761158 0.157579 
-0.0761158 1.90016 0.247411 
0.157579 0.247411 0.396248 
0.513981 -0.0838594 0.168988 
-0.0838594 2.05515 0.264658 
0.168988 0.264658 0.424682 
0.537413 -0.0882871 0.176098 
-0.0882871 2.14858 0.275517 
0.176098 0.275517 0.442453 
0.548817 -0.0904124 0.179578 
-0.0904124 2.19388 0.280835 
0.179578 0.280835 0.451175 
0.550417 -0.0907989 0.179958 
-0.0907989 2.19976 0.28134 
0.179958 0.28134 0.45215 
0.542963 -0.0896641 0.177378 
-0.0896641 2.16892 0.27719 
0.177378 0.27719 0.44574 
0.525805 -0.0869662 0.17153 
-0.0869662 2.0981 0.267829 
0.17153 0.267829 0.431217 
0.497177 -0.0825014 0.161682 
-0.0825014 1.97884 0.251975 
0.161682 0.251975 0.406849 
0.454978 -0.0760882 0.146838 
-0.0760882 1.79966 0.227779 
0.146838 0.227779 0.370367 
0.398688 -0.0679621 0.126215 
-0.0679621 1.55239 0.193443 
0.126215 0.193443 0.320279 
0.332818 -0.0594188 0.100239 
-0.0594188 1.24452 0.148639 
0.100239 0.148639 0.258467 
0.270077 -0.0532643 0.0717129 
-0.0532643 0.913329 0.0964781 
0.0717129 0.0964781 0.19302 
0.228596 -0.0529229 0.0457398 
-0.0529229 0.623011 0.0441598 
0.0457398 0.0441598 0.137399 
0.219919 -0.0597948 0.0270586 
-0.0597948 0.429401 3.7955e-06 
0.0270586 3.7955e-06 0.102759 
0.238784 -0.0714989 0.0168339 
-0.0714989 0.340398 -0.031447 
0.0168339 -0.031447 0.0897883 
0.268794 -0.0837392 0.0127392 
-0.0837392 0.320886 -0.0509679 
0.0127392 -0.0509679 0.0902882 
0.296168 -0.0934934 0.0116969 
-0.0934934 0.330097 -0.0620238 
0.0116969 -0.0620238 0.0954205 
0.315525 -0.099997 0.0117116 
-0.099997 0.344153 -0.0679572 
0.0117116 -0.0679572 0.100355 
0.32722 -0.103817 0.0119288 
-0.103817 0.354733 -0.0710196 
0.0119288 -0.0710196 0.103699 
0.333424 -0.105815 0.0120966 
-0.105815 0.360874 -0.072512 
0.0120966 -0.072512 0.105564 
0.3361 -0.106671 0.0121783 
-0.106671 0.363619 -0.0731312 
0.0121783 -0.0731312 0.106387 
0.336481 -0.106792 0.0121867 
-0.106792 0.363983 -0.073224 
0.0121867 -0.073224 0.106503 
0.335129 -0.106356 0.0121318 
-0.106356 0.362479 -0.0729351 
0.0121318 -0.0729351 0.106079 
0.332129 -0.105387 0.0120099 
-0.105387 0.359146 -0.0722909 
0.0120099 -0.0722909 0.105143 
0.327252 -0.103798 0.011801 
-0.103798 0.35366 -0.0712501 
0.011801 -0.0712501 0.103634 
0.320133 -0.101442 0.0114674 
-0.101442 0.345463 -0.0697488 
0.0114674 -0.0697488 0.101461 
0.310515 -0.0981701 0.0109483 
-0.0981701 0.333941 -0.067764 
0.0109483 -0.067764 0.0985992 
0.298655 -0.0939378 0.0101537 
-0.0939378 0.318723 -0.0654145 
0.0101537 -0.0654145 0.0952344 
0.285917 -0.0889519 0.00895727 
-0.0889519 0.300131 -0.0631083 
0.00895727 -0.0631083 0.0919857 
0.275425 -0.0838505 0.00719632 
-0.0838505 0.279742 -0.0617003 
0.00719632 -0.0617003 0.0901359 
0.27237 -0.0798069 0.00468912 
-0.0798069 0.260749 -0.0625545 
0.00468912 -0.0625545 0.0917222 
0.283353 -0.0784102 0.00128035 
-0.0784102 0.247712 -0.0673577 
0.00128036 -0.0673577 0.099254 
0.314427 -0.081225 -0.00308843 
-0.081225 0.245359 -0.0776027 
-0.00308843 -0.0776027 0.114943 
0.368406 -0.0891499 -0.00831146 
-0.0891499 0.256762 -0.0938999 
-0.00831146 -0.0938999 0.139675 
0.44293 -0.101919 -0.0140967 
-0.101919 0.281836 -0.115496 
-0.0140967 -0.115496 0.172302 
0.530475 -0.118054 -0.0200087 
-0.118054 0.317079 -0.140305 
-0.0200087 -0.140305 0.209687 
0.620121 -0.135235 -0.0255485 
-0.135235 0.356533 -0.165384 
-0.0255485 -0.165384 0.247422 
0.699689 -0.150797 -0.0302205 
-0.150797 0.393154 -0.187489 
-0.0302205 -0.187489 0.280655 
0.757094 -0.162064 -0.0335566 
-0.162064 0.419796 -0.203418 
-0.0335566 -0.203418 0.304596 
0.780926 -0.166505 -0.0351147 
-0.166505 0.42971 -0.210146 
-0.0351147 -0.210146 0.314725 
0.761433 -0.161958 -0.0345088 
-0.161958 0.417173 -0.205092 
-0.0345088 -0.205092 0.307174 
0.693438 -0.147248 -0.0315392 
-0.147248 0.379095 -0.186895 
-0.0315392 -0.186895 0.279903 
0.581328 -0.123241 -0.0264232 
-0.123241 0.317718 -0.156769 
-0.0264232 -0.156769 0.234717 
0.44266 -0.0936072 -0.0199719 
-0.0936072 0.242521 -0.119472 
-0.0199719 -0.119472 0.178734 
0.304313 -0.0640115 -0.0134301 
-0.0640115 0.16804 -0.0822684 
-0.0134301 -0.0822684 0.12283 
0.190386 -0.039561 -0.00793462 
-0.039561 0.107222 -0.0516615 
-0.00793462 -0.0516615 0.0767628 
0.11143 -0.0225171 -0.00401685 
-0.0225171 0.0655727 -0.0304875 
-0.00401685 -0.0304875 0.0448105 
0.0642055 -0.0122261 -0.00157328 
-0.0122261 0.0411177 -0.0178612 
-0.00157328 -0.0178612 0.0256791 
0.0391332 -0.00667889 -0.000191713 
-0.00667889 0.0285144 -0.0111904 
-0.000191713 -0.0111904 0.0155053 
0.0270147 -0.00393174 0.000542047 
-0.00393174 0.0227202 -0.00799211 
0.000542047 -0.00799211 0.0105751 
0.0215928 -0.00265281 0.000919997 
-0.00265281 0.0203515 -0.00658074 
0.000919997 -0.00658074 0.00835977 
0.0193416 -0.00208469 0.00111383 
-0.00208469 0.0195342 -0.00600931 
0.00111383 -0.00600931 0.00743288 
0.0184935 -0.00184254 0.00121482 
-0.00184254 0.0193521 -0.00580509 
0.00121482 -0.00580509 0.00707833 
0.0182285 -0.00174412 0.001269 
-0.00174412 0.0193972 -0.00575023 
0.001269 -0.00575023 0.00696323 
0.0181874 -0.00170697 0.00129916 
-0.00170697 0.0195021 -0.00575034 
0.00129916 -0.00575034 0.00694124 
0.018221 -0.00169497 0.00131662 
-0.00169497 0.0196059 -0.00576691 
0.00131662 -0.00576691 0.00695116 
0.0182709 -0.0016927 0.0013271 
-0.0016927 0.0196906 -0.00578542 
0.0013271 -0.00578542 0.00696889 
0.0183169 -0.00169378 0.0013336 
-0.00169378 0.0197544 -0.00580124 
0.0013336 -0.00580124 0.00698584 
0.0183537 -0.00169571 0.00133774 
-0.00169571 0.0198006 -0.00581347 
0.00133774 -0.00581347 0.00699958 
0.0183813 -0.00169757 0.00134044 
-0.00169757 0.0198335 -0.00582248 
0.00134044 -0.00582248 0.00700998 
