4  7
0.0917003  0.213401  0.165991  0.130348  0.188671  0.0812027  0.128686  
6.00224  1.98964  -1.65524  3.14795  
24.6332  -0.130134  -0.304201  -0.165401  
46.7576  -0.05117  -0.145937  -0.250317  
64.8187  -1.04409  3.88307  0.43793  
84.5896  -0.362447  -0.713987  0.069946  
99.324  0.170628  -0.431917  0.314352  
112.347  0.0309408  0.172517  -0.0767002  
10.01  -4.3443  2.92754  -6.69427  
-4.3443  1.96731  -1.00729  2.98761  
2.92754  -1.00729  2.28748  -1.75975  
-6.69427  2.98761  -1.75975  4.58057  
62.3702  0.119214  -1.88562  -0.230343  
0.119214  0.0182394  0.0526786  0.0172333  
-1.88562  0.0526786  0.356577  0.0780453  
-0.230343  0.0172333  0.0780453  0.0457978  
43.7992  1.63976  4.22191  4.06506  
1.63976  0.161017  0.327344  0.365525  
4.22191  0.327344  0.850647  0.807734  
4.06506  0.365525  0.807734  0.94574  
23.9432  -6.86774  -1.85482  -3.12653  
-6.86774  2.58165  0.431086  1.09684  
-1.85482  0.431086  2.58963  0.555006  
-3.12653  1.09684  0.555006  0.910769  
57.6724  3.68442  -5.50169  3.12094  
3.68442  0.577008  -0.459907  0.211757  
-5.50169  -0.459907  0.894399  -0.372069  
3.12094  0.211757  -0.372069  0.277017  
31.5334  -2.4753  1.32329  -2.62523  
-2.4753  1.53287  -0.387562  0.144513  
1.32329  -0.387562  0.783141  -0.471222  
-2.62523  0.144513  -0.471222  0.759462  
26.3329  -0.287851  -0.279253  0.0612792  
-0.287851  0.021598  0.00134916  0.000676339  
-0.279253  0.00134916  0.0228735  -0.00649482  
0.0612792  0.000676339  -0.00649482  0.00717923  
