4  8
0.0934245  0.113676  0.118989  0.17099  0.126152  0.125273  0.162814  0.0886816  
6.1129  2.19223  -1.62614  3.42707  
19.6654  4.20798  -3.51742  6.7604  
31.9224  3.88032  -4.48098  6.36599  
49.7252  3.31651  -6.3625  4.75465  
67.6144  3.1546  1.07843  6.48835  
83.9497  -0.924175  6.29622  5.90941  
100.031  -1.10708  3.08259  7.17142  
113.436  -1.17346  3.33775  7.0524  
10.4765  4.42717  -3.06769  6.91164  
4.42717  1.95204  -0.996897  2.99815  
-3.06769  -0.996897  2.73202  -1.82856  
6.91164  2.99815  -1.82856  4.65194  
20.6377  -0.146117  0.636995  0.140291  
-0.146117  0.127926  0.594016  0.123127  
0.636995  0.594016  2.9424  0.605696  
0.140291  0.123127  0.605696  0.138987  
47.9347  -0.129023  -0.805183  -0.0858232  
-0.129023  0.0135851  0.0457949  0.0164449  
-0.805183  0.0457949  0.507753  0.229838  
-0.0858232  0.0164449  0.229838  0.109462  
46.3015  -0.155554  -1.03465  -2.43773  
-0.155554  0.219597  0.231667  0.205894  
-1.03465  0.231667  0.54972  0.5697  
-2.43773  0.205894  0.5697  0.668465  
25.9057  -4.82643  15.8123  0.56124  
-4.82643  1.50258  -3.56984  -0.046812  
15.8123  -3.56984  12.257  0.653047  
0.56124  -0.046812  0.653047  0.240556  
40.0891  -1.73367  -1.64145  -1.28887  
-1.73367  0.634611  -0.0470924  0.16927  
-1.64145  -0.0470924  0.1523  -0.00399816  
-1.28887  0.16927  -0.00399816  0.100332  
72.5537  4.35142  -12.7719  4.88172  
4.35142  0.444615  -0.676193  0.205713  
-12.7719  -0.676193  3.26593  -1.32696  
4.88172  0.205713  -1.32696  0.570302  
19.5527  0.0977472  -0.695164  -0.0549382  
0.0977472  0.545111  -1.06298  0.69408  
-0.695164  -1.06298  2.68144  -1.5618  
-0.0549382  0.69408  -1.5618  0.970215  
