3,3,120
0.0810842 0.298999 0.0773181 
0.298999 1.83101 0.194981 
0.0773181 0.194981 0.0920201 
0.0810226 0.298772 0.0772594 
0.298772 1.82962 0.194833 
0.0772594 0.194833 0.0919502 
0.0809143 0.298373 0.0771562 
0.298373 1.82718 0.194573 
0.0771562 0.194573 0.0918274 
0.0807175 0.297648 0.0769685 
0.297648 1.82273 0.194102 
0.0769685 0.194102 0.091604 
0.0803469 0.296283 0.0766152 
0.296283 1.81436 0.193216 
0.0766152 0.193216 0.0911834 
0.0796254 0.293631 0.0759274 
0.293631 1.79808 0.191499 
0.0759274 0.191499 0.0903642 
0.0781829 0.288343 0.0745527 
0.288343 1.76552 0.188102 
0.0745527 0.188102 0.0887257 
0.0752748 0.277751 0.0717828 
0.277751 1.6999 0.181408 
0.0717828 0.181408 0.0854196 
0.0696152 0.257452 0.0663997 
0.257452 1.57235 0.169094 
0.0663997 0.169094 0.0789714 
0.0600641 0.224639 0.0573499 
0.224639 1.35774 0.151594 
0.0573499 0.151594 0.0680253 
0.049675 0.19503 0.0476518 
0.19503 1.12698 0.146371 
0.0476518 0.146371 0.0558493 
0.0507011 0.220908 0.0491598 
0.220908 1.15992 0.199024 
0.0491598 0.199024 0.0560374 
0.0698889 0.324352 0.0682404 
0.324352 1.60768 0.319439 
0.0682404 0.319439 0.0763789 
0.091916 0.432519 0.0898914 
0.432519 2.11707 0.433677 
0.0898914 0.433677 0.100219 
0.104325 0.49189 0.102053 
0.49189 2.40343 0.494569 
0.102053 0.494569 0.11376 
0.108332 0.510895 0.105979 
0.510895 2.49598 0.514017 
0.105979 0.514017 0.118214 
0.107911 0.508895 0.105572 
0.508895 2.48659 0.51231 
0.105572 0.51231 0.117902 
0.105214 0.49613 0.102942 
0.49613 2.42492 0.49993 
0.102942 0.49993 0.115196 
0.100937 0.475881 0.098771 
0.475881 2.32714 0.480307 
0.098771 0.480307 0.110915 
0.0951083 0.448266 0.093091 
0.448266 2.19413 0.453766 
0.093091 0.453766 0.105194 
0.0875196 0.412264 0.0857041 
0.412264 2.02142 0.419629 
0.0857041 0.419629 0.097986 
0.0779686 0.366862 0.0764227 
0.366862 1.80497 0.377462 
0.0764227 0.377462 0.0893707 
0.0664872 0.312119 0.065294 
0.312119 1.54642 0.32822 
0.065294 0.32822 0.0798432 
0.0535984 0.250379 0.0528505 
0.250379 1.25905 0.275454 
0.0528505 0.275454 0.0705881 
0.0404858 0.187103 0.0402715 
0.187103 0.971355 0.225856 
0.0402715 0.225856 0.0635123 
0.0288164 0.130102 0.029196 
0.130102 0.722211 0.187757 
0.029196 0.187757 0.0606781 
0.0200719 0.0864758 0.0210533 
0.0864758 0.544562 0.167163 
0.0210533 0.167163 0.0631189 
0.0147766 0.0589836 0.0163039 
0.0589836 0.447396 0.163909 
0.0163039 0.163909 0.069896 
0.012334 0.0451585 0.0142986 
0.0451585 0.413039 0.171848 
0.0142986 0.171848 0.0784802 
0.0116079 0.039866 0.0138755 
0.039866 0.412118 0.183048 
0.0138755 0.183048 0.0862212 
0.0116161 0.0384631 0.0140514 
0.0384631 0.420169 0.191774 
0.0140514 0.191774 0.0915233 
0.0118238 0.0381592 0.0143018 
0.0381592 0.423698 0.195513 
0.0143018 0.195513 0.0940029 
0.0120998 0.0377798 0.0145012 
0.0377798 0.417718 0.193979 
0.0145012 0.193979 0.0940692 
0.0126037 0.0371117 0.0147992 
0.0371117 0.401555 0.18795 
0.0147992 0.18795 0.0925782 
0.013749 0.0364824 0.015576 
0.0364824 0.376377 0.178782 
0.015576 0.178782 0.0908113 
0.0162368 0.0366339 0.0174731 
0.0366339 0.344625 0.16855 
0.0174731 0.16855 0.0906986 
0.0210767 0.0387158 0.0214179 
0.0387158 0.310414 0.160379 
0.0214179 0.160379 0.0950324 
0.0294618 0.0441708 0.0285161 
0.0441708 0.279759 0.158423 
0.0285161 0.158423 0.107281 
0.0423904 0.0543325 0.0397108 
0.0543325 0.259622 0.166982 
0.0397108 0.166982 0.130664 
0.0601071 0.0697781 0.055269 
0.0697781 0.255589 0.18876 
0.055269 0.18876 0.166614 
0.0817007 0.0898071 0.0744039 
0.0898071 0.269321 0.22326 
0.0744039 0.22326 0.213523 
0.105235 0.112503 0.0953828 
0.112503 0.297724 0.266593 
0.0953828 0.266593 0.266877 
0.128415 0.135429 0.116127 
0.135429 0.334559 0.313052 
0.116127 0.313052 0.320894 
0.149344 0.156478 0.134907 
0.156478 0.37322 0.357305 
0.134907 0.357305 0.370563 
0.166946 0.174378 0.150729 
0.174378 0.408818 0.395838 
0.150729 0.395838 0.412846 
0.180941 0.18872 0.163326 
0.18872 0.438795 0.427189 
0.163326 0.427189 0.446744 
0.191591 0.199689 0.172919 
0.199689 0.462471 0.451415 
0.172919 0.451415 0.472681 
0.199399 0.207758 0.179956 
0.207758 0.48026 0.46936 
0.179956 0.46936 0.491768 
0.204891 0.213446 0.184907 
0.213446 0.492974 0.482067 
0.184907 0.482067 0.505227 
0.20848 0.217163 0.188142 
0.217163 0.501365 0.490399 
0.188142 0.490399 0.514029 
0.210377 0.21911 0.189845 
0.21911 0.505829 0.494793 
0.189845 0.494793 0.518667 
0.210526 0.219183 0.189948 
0.219183 0.506202 0.49505 
0.189948 0.49505 0.518946 
0.208535 0.216831 0.188043 
0.216831 0.501644 0.49011 
0.188043 0.49011 0.513754 
0.203664 0.210831 0.183288 
0.210831 0.490775 0.47783 
0.183288 0.47783 0.500812 
0.195045 0.198953 0.174382 
0.198953 0.472726 0.454989 
0.174382 0.454989 0.476645 
0.182521 0.177535 0.159826 
0.177535 0.450342 0.418124 
0.159826 0.418124 0.43735 
0.168534 0.141289 0.138778 
0.141289 0.43671 0.366039 
0.138778 0.366039 0.381069 
0.160409 0.084166 0.112533 
0.0841661 0.462063 0.303859 
0.112533 0.303859 0.312112 
0.169806 0.00249985 0.0854672 
0.00249988 0.569002 0.245006 
0.0854672 0.245006 0.243327 
0.205794 -0.100219 0.0634502 
-0.100218 0.784819 0.205537 
0.0634502 0.205537 0.191083 
0.266061 -0.211689 0.0501128 
-0.211689 1.09039 0.193036 
0.0501128 0.193036 0.164471 
0.337199 -0.316184 0.0448964 
-0.316184 1.42611 0.202253 
0.0448964 0.202253 0.16029 
0.404242 -0.402426 0.0447352 
-0.402426 1.7312 0.221765 
0.0447352 0.221765 0.168648 
0.458277 -0.46668 0.0466466 
-0.46668 1.97222 0.242133 
0.0466466 0.242133 0.18066 
0.496976 -0.510591 0.0488306 
-0.51059 2.14283 0.258562 
0.0488306 0.258562 0.191362 
0.521565 -0.53774 0.0505008 
-0.537739 2.25039 0.269605 
0.0505008 0.269605 0.198868 
0.534077 -0.55136 0.0514036 
-0.55136 2.30458 0.275254 
0.0514036 0.275254 0.202767 
0.5359 -0.553348 0.051472 
-0.553348 2.31149 0.275683 
0.051472 0.275683 0.203011 
0.527269 -0.544001 0.0506584 
-0.544001 2.2714 0.270659 
0.0506584 0.270659 0.199385 
0.507303 -0.522094 0.048892 
-0.522094 2.17848 0.259315 
0.048892 0.259315 0.191307 
0.474617 -0.48531 0.0461427 
-0.48531 2.02208 0.240201 
0.0461427 0.240201 0.177896 
0.428892 -0.431433 0.0426194 
-0.431433 1.79118 0.211702 
0.0426194 0.211702 0.158376 
0.373779 -0.360809 0.039114 
-0.360809 1.48417 0.173112 
0.039114 0.173112 0.132982 
0.320046 -0.279674 0.037291 
-0.279674 1.12276 0.126291 
0.037291 0.126291 0.104161 
0.284703 -0.201318 0.0393319 
-0.201318 0.758714 0.0767574 
0.0393319 0.0767574 0.0769329 
0.281761 -0.140883 0.0464849 
-0.140883 0.455914 0.0321893 
0.0464849 0.0321893 0.0568305 
0.310342 -0.105803 0.0575713 
-0.105802 0.252901 -0.00164192 
0.0575713 -0.00164192 0.0463072 
0.354563 -0.0920349 0.0694508 
-0.0920349 0.14385 -0.0236631 
0.0694508 -0.0236631 0.0434763 
0.396152 -0.089912 0.0791643 
-0.089912 0.0966648 -0.0363955 
0.0791643 -0.0363955 0.0445022 
0.424716 -0.0914022 0.0853481 
-0.0914022 0.0803868 -0.0431923 
0.0853481 -0.0431923 0.0463804 
0.438195 -0.0924134 0.0880351 
-0.0924134 0.0764869 -0.0466472 
0.0880351 -0.0466472 0.0477284 
0.43868 -0.0916183 0.0878374 
-0.0916183 0.0768196 -0.0484007 
0.0878374 -0.0484007 0.0482577 
0.429026 -0.0888689 0.0853671 
-0.0888689 0.078776 -0.0494668 
0.0853671 -0.0494668 0.0481419 
0.411474 -0.0843033 0.0810244 
-0.0843033 0.0821414 -0.050568 
0.0810244 -0.050568 0.0476896 
0.387498 -0.0780221 0.0749926 
-0.0780221 0.0877395 -0.0523694 
0.0749926 -0.0523694 0.0472552 
0.358131 -0.0700346 0.0673064 
-0.0700346 0.0970225 -0.0556379 
0.0673064 -0.0556379 0.0472585 
0.324406 -0.0603045 0.0579371 
-0.0603045 0.112012 -0.0613455 
0.0579371 -0.0613455 0.0482329 
0.287745 -0.0488253 0.046879 
-0.0488253 0.135262 -0.0707034 
0.046879 -0.0707034 0.0508554 
0.250218 -0.0357009 0.0342306 
-0.0357009 0.169641 -0.0850814 
0.0342306 -0.0850814 0.0559184 
0.214527 -0.0212138 0.0202622 
-0.0212138 0.217775 -0.105759 
0.0202622 -0.105759 0.0642041 
0.183638 -0.00585586 0.00544573 
-0.00585587 0.281145 -0.133503 
0.00544573 -0.133503 0.0762565 
0.160085 0.00970235 -0.00957306 
0.00970233 0.359087 -0.168097 
-0.00957306 -0.168097 0.0921064 
0.145216 0.0247094 -0.024069 
0.0247093 0.448215 -0.208047 
-0.024069 -0.208047 0.111088 
0.138787 0.0384709 -0.0373706 
0.0384709 0.542746 -0.250723 
-0.0373706 -0.250723 0.131884 
0.139145 0.050475 -0.0489804 
0.0504749 0.635802 -0.292949 
-0.0489804 -0.292949 0.152831 
0.143893 0.0604535 -0.0586365 
0.0604535 0.721065 -0.331783 
-0.0586365 -0.331783 0.172338 
0.150647 0.0683661 -0.0662972 
0.0683661 0.793992 -0.365086 
-0.0662972 -0.365086 0.189213 
0.157515 0.0743211 -0.072066 
0.0743211 0.852081 -0.391662 
-0.072066 -0.391662 0.202763 
0.163204 0.078465 -0.0760863 
0.0784649 0.894268 -0.410991 
-0.0760863 -0.410991 0.212658 
0.166854 0.0808538 -0.0784253 
0.0808537 0.919876 -0.422752 
-0.0784253 -0.422752 0.218699 
0.167803 0.0812919 -0.078941 
0.0812919 0.927649 -0.426403 
-0.078941 -0.426403 0.220606 
0.165458 0.0790787 -0.0771021 
0.0790787 0.915531 -0.421144 
-0.0771021 -0.421144 0.218024 
0.159505 0.0725782 -0.071718 
0.0725781 0.88208 -0.406717 
-0.071718 -0.406717 0.211002 
0.150604 0.058617 -0.0606017 
0.058617 0.830353 -0.385439 
-0.0606017 -0.385439 0.201168 
0.141378 0.032122 -0.0404359 
0.032122 0.773322 -0.364922 
-0.0404359 -0.364922 0.193233 
0.136728 -0.0129626 -0.00747404 
-0.0129626 0.735918 -0.35881 
-0.00747404 -0.35881 0.195281 
0.142218 -0.0806819 0.0405059 
-0.080682 0.747167 -0.382191 
0.0405059 -0.382191 0.215939 
0.16091 -0.169458 0.101994 
-0.169458 0.824064 -0.442855 
0.101994 -0.442855 0.259227 
0.191325 -0.271309 0.171436 
-0.271309 0.9608 -0.535881 
0.171436 -0.535881 0.321541 
0.22849 -0.375166 0.241491 
-0.375166 1.1335 -0.646803 
0.241491 -0.646803 0.393755 
0.266757 -0.471386 0.305925 
-0.471386 1.31423 -0.759585 
0.305925 -0.759585 0.466068 
0.301928 -0.554201 0.361106 
-0.554201 1.48188 -0.86249 
0.361106 -0.86249 0.531458 
0.331793 -0.621597 0.405862 
-0.621597 1.62503 -0.949482 
0.405862 -0.949482 0.586425 
0.355677 -0.674001 0.44058 
-0.674001 1.73992 -1.01885 
0.44058 -1.01885 0.630099 
0.37376 -0.712938 0.466334 
-0.712938 1.82711 -1.07127 
0.466334 -1.07127 0.663025 
0.386554 -0.740145 0.484311 
-0.740145 1.88889 -1.10832 
0.484311 -1.10832 0.686255 
0.39459 -0.757101 0.495507 
-0.757101 1.92772 -1.13157 
0.495507 -1.13157 0.70082 
0.398263 -0.764819 0.500601 
-0.764819 1.94549 -1.14219 
0.500601 -1.14219 0.707472 
0.397771 -0.763786 0.499919 
-0.763786 1.94311 -1.14077 
0.499919 -1.14077 0.706581 
0.393085 -0.753934 0.493416 
-0.753934 1.92045 -1.12722 
0.493416 -1.12722 0.698095 
