4  4
0.206355  0.286282  0.231875  0.275488  
9.30176  -1.46905  -3.98645  3.03805  
26.961  -1.25785  -1.92613  7.2219  
47.2085  -0.359407  5.19161  6.53491  
66.8473  -0.247893  2.74738  7.13067  
36.2257  -4.12123  -14.0815  5.8228  
-4.12123  0.942971  1.89309  -1.21139  
-14.0815  1.89309  8.51538  -0.337061  
5.8228  -1.21139  -0.337061  5.17481  
55.8414  5.30129  13.4007  1.05227  
5.30129  1.36614  2.09548  0.386684  
13.4007  2.09548  5.04261  0.656749  
1.05227  0.386684  0.656749  0.26577  
31.0635  -2.16225  2.37057  -1.76939  
-2.16225  0.295653  -0.112601  0.0900473  
2.37057  -0.112601  0.692113  -0.3394  
-1.76939  0.0900473  -0.3394  0.213698  
38.4153  -3.4836  -10.4369  5.30888  
-3.4836  0.619911  1.3011  -0.654016  
-10.4369  1.3011  4.26089  -1.88449  
5.30888  -0.654016  -1.88449  0.927283  
