3,3,77
0.305522 0.138029 0.0687907 
0.138029 2.19409 2.05656 
0.0687907 2.05656 2.17216 
0.305527 0.138031 0.0687918 
0.138031 2.19412 2.0566 
0.0687918 2.0566 2.17219 
0.303694 0.137217 0.0683793 
0.137217 2.181 2.04427 
0.0683793 2.04427 2.15919 
0.299377 0.135307 0.0674074 
0.135307 2.15011 2.01524 
0.0674074 2.01524 2.12857 
0.290949 0.131604 0.06551 
0.131604 2.08988 1.95857 
0.06551 1.95857 2.06884 
0.27504 0.12472 0.0619293 
0.12472 1.97649 1.85167 
0.0619293 1.85167 1.95629 
0.245562 0.11238 0.0552959 
0.11238 1.76756 1.65385 
0.0552959 1.65385 1.74849 
0.195171 0.0929287 0.0439629 
0.0929287 1.41504 1.31669 
0.0439629 1.31669 1.39628 
0.128175 0.0728317 0.028918 
0.0728316 0.962645 0.872003 
0.028918 0.872003 0.938537 
0.0788717 0.072531 0.0179031 
0.072531 0.670657 0.553698 
0.0179031 0.553698 0.62814 
0.071823 0.0958602 0.0164196 
0.0958602 0.694933 0.522614 
0.0164196 0.522614 0.626437 
0.0814214 0.117393 0.0186473 
0.117393 0.812422 0.597818 
0.0186473 0.597818 0.726058 
0.0874097 0.127037 0.0200215 
0.127037 0.874986 0.642367 
0.0200215 0.642367 0.781259 
0.0893407 0.129911 0.0204619 
0.129911 0.89444 0.656529 
0.0204619 0.656529 0.79857 
0.0896886 0.130401 0.020538 
0.130401 0.897765 0.658954 
0.020538 0.658954 0.801528 
0.0895475 0.130161 0.0204992 
0.130161 0.896052 0.657681 
0.0204992 0.657681 0.799984 
0.0892226 0.129625 0.0204132 
0.129625 0.892258 0.654868 
0.0204132 0.654868 0.796573 
0.0887679 0.128846 0.0202876 
0.128846 0.886704 0.650741 
0.0202876 0.650741 0.79157 
0.0881764 0.127763 0.0201115 
0.127763 0.878885 0.644905 
0.0201115 0.644905 0.784503 
0.0874441 0.126266 0.0198649 
0.126266 0.867869 0.636632 
0.0198649 0.636632 0.774504 
0.0866201 0.124209 0.0195198 
0.12421 0.852313 0.624842 
0.0195198 0.624842 0.760289 
0.0859035 0.121435 0.0190397 
0.121435 0.830381 0.607992 
0.0190397 0.607992 0.740049 
0.0858597 0.117826 0.0183832 
0.117826 0.799747 0.583969 
0.0183832 0.583969 0.71135 
0.0878778 0.11347 0.0175161 
0.11347 0.757861 0.550065 
0.0175161 0.550065 0.671182 
0.095046 0.10901 0.0164439 
0.10901 0.702865 0.503245 
0.0164439 0.503245 0.616421 
0.113555 0.106274 0.0152763 
0.106274 0.63563 0.44104 
0.0152763 0.44104 0.545119 
0.154187 0.10907 0.0143184 
0.10907 0.563015 0.363338 
0.0143184 0.363338 0.458883 
0.232015 0.12343 0.0141253 
0.12343 0.500604 0.27469 
0.0141253 0.27469 0.365587 
0.360976 0.155816 0.015372 
0.155816 0.470369 0.185239 
0.015372 0.185239 0.279598 
0.542682 0.208696 0.0184503 
0.208696 0.4895 0.107656 
0.0184503 0.107656 0.216312 
0.757904 0.276566 0.0230512 
0.276566 0.55676 0.0507705 
0.0230512 0.0507705 0.183163 
0.972787 0.347539 0.02823 
0.347539 0.651242 0.0154246 
0.02823 0.0154246 0.175686 
1.15689 0.410027 0.0329738 
0.410027 0.746525 -0.00360644 
0.0329738 -0.00360644 0.182718 
1.29599 0.458014 0.0366989 
0.458014 0.825094 -0.0128242 
0.0366989 -0.0128242 0.194196 
1.39143 0.491255 0.0393127 
0.491255 0.881706 -0.0170245 
0.0393127 -0.0170245 0.204608 
1.45242 0.512619 0.0410049 
0.512619 0.918908 -0.0189064 
0.0410049 -0.0189064 0.21222 
1.48944 0.525628 0.0420398 
0.525628 0.941848 -0.0197651 
0.0420398 -0.0197651 0.217179 
1.51107 0.533243 0.0426469 
0.533243 0.955372 -0.020172 
0.0426469 -0.020172 0.22019 
1.52334 0.537567 0.0429923 
0.537567 0.963083 -0.0203725 
0.0429923 -0.0203725 0.221934 
1.53013 0.539964 0.0431838 
0.539964 0.967366 -0.0204742 
0.0431838 -0.0204742 0.222911 
1.53382 0.541263 0.0432876 
0.541263 0.969691 -0.0205266 
0.0432876 -0.0205266 0.223444 
1.53577 0.541952 0.0433427 
0.541952 0.970923 -0.0205536 
0.0433427 -0.0205536 0.223727 
1.53676 0.542302 0.0433707 
0.542302 0.971551 -0.0205671 
0.0433707 -0.0205671 0.223872 
1.53721 0.54246 0.0433833 
0.54246 0.971834 -0.0205731 
0.0433833 -0.0205731 0.223937 
1.53729 0.54249 0.0433857 
0.54249 0.971887 -0.0205743 
0.0433857 -0.0205743 0.223949 
1.53703 0.542396 0.0433782 
0.542396 0.971719 -0.0205707 
0.0433782 -0.0205707 0.22391 
1.53624 0.54212 0.043356 
0.54212 0.971224 -0.0205603 
0.043356 -0.0205603 0.223796 
1.53451 0.541509 0.0433068 
0.541509 0.970131 -0.0205375 
0.0433068 -0.0205375 0.223544 
1.53095 0.540254 0.0432049 
0.540254 0.967883 -0.0204912 
0.0432049 -0.0204912 0.223027 
1.52388 0.537763 0.0429996 
0.537763 0.963428 -0.0204021 
0.0429996 -0.0204021 0.222001 
1.51027 0.532975 0.0425929 
0.532975 0.954873 -0.0202411 
0.0425929 -0.0202411 0.220032 
1.48492 0.524085 0.0417949 
0.524085 0.939035 -0.0199795 
0.0417949 -0.0199795 0.216392 
1.43965 0.508305 0.0402326 
0.508305 0.911066 -0.0196414 
0.0402326 -0.0196414 0.20998 
1.36328 0.481979 0.0371649 
0.481979 0.864871 -0.0194778 
0.0371649 -0.0194778 0.19944 
1.24443 0.441858 0.0311441 
0.441858 0.795827 -0.0203959 
0.0311441 -0.0203959 0.183836 
1.07969 0.388438 0.019585 
0.388438 0.707464 -0.0246916 
0.019585 -0.0246916 0.164267 
0.885866 0.330511 -0.0012341 
0.330511 0.619993 -0.0365371 
-0.0012341 -0.0365371 0.145871 
0.704026 0.285635 -0.0346413 
0.285635 0.569635 -0.0607039 
-0.0346413 -0.0607039 0.13751 
0.58008 0.27075 -0.0804276 
0.27075 0.587895 -0.0988285 
-0.0804276 -0.0988285 0.146566 
0.533241 0.289272 -0.133118 
0.289272 0.67565 -0.146528 
-0.133118 -0.146528 0.172678 
0.547569 0.329735 -0.184606 
0.329735 0.803269 -0.195538 
-0.184606 -0.195537 0.208035 
0.592315 0.376443 -0.228656 
0.376443 0.935089 -0.238765 
-0.228656 -0.238765 0.243605 
0.642994 0.418667 -0.262898 
0.418667 1.04863 -0.273003 
-0.262898 -0.273003 0.273859 
0.687349 0.45224 -0.28791 
0.45224 1.13668 -0.298304 
-0.28791 -0.298304 0.297159 
0.721891 0.477117 -0.30553 
0.477118 1.201 -0.316261 
-0.30553 -0.316261 0.314114 
0.74727 0.494883 -0.317726 
0.494883 1.24655 -0.328747 
-0.317726 -0.328747 0.326089 
0.7654 0.507357 -0.326119 
0.507357 1.27836 -0.337368 
-0.326119 -0.337368 0.33444 
0.778209 0.516074 -0.331909 
0.516075 1.30051 -0.343326 
-0.331909 -0.343326 0.340249 
0.787249 0.522183 -0.335931 
0.522183 1.316 -0.34747 
-0.335931 -0.34747 0.344308 
0.79366 0.526493 -0.338752 
0.526493 1.32691 -0.35038 
-0.338752 -0.35038 0.347167 
0.798242 0.529564 -0.340753 
0.529564 1.33467 -0.352446 
-0.340753 -0.352446 0.349201 
0.801548 0.531775 -0.34219 
0.531775 1.34026 -0.35393 
-0.34219 -0.35393 0.350663 
0.803959 0.533385 -0.343234 
0.533385 1.34433 -0.355008 
-0.343234 -0.355008 0.351727 
0.805734 0.534568 -0.344 
0.534568 1.34731 -0.3558 
-0.344 -0.3558 0.352509 
0.807052 0.535446 -0.344568 
0.535446 1.34953 -0.356387 
-0.344568 -0.356387 0.353089 
0.808037 0.536102 -0.344992 
0.536102 1.35118 -0.356825 
-0.344992 -0.356825 0.353522 
0.808775 0.536593 -0.345309 
0.536593 1.35242 -0.357153 
-0.345309 -0.357153 0.353847 
