4  7
0.136366  0.130033  0.18273  0.132705  0.142639  0.164478  0.111048  
7.32743  -5.30432  1.8478  -0.315299  
21.4079  -8.82354  3.23176  -0.184556  
35.7437  -7.49926  4.45288  -1.01164  
52.0518  -3.54485  5.24047  5.10122  
66.0669  -1.36225  3.39901  6.61772  
81.2286  -2.09913  3.57822  6.6855  
94.4996  -2.13528  3.37114  6.99891  
15.5362  -11.7972  4.14241  -0.708369  
-11.7972  9.32032  -3.23707  0.551702  
4.14241  -3.23707  1.19073  -0.20505  
-0.708369  0.551702  -0.20505  0.0355416  
25.2427  2.32235  1.40398  1.84629  
2.32235  0.264642  0.167997  0.200551  
1.40398  0.167997  0.171646  0.0890245  
1.84629  0.200551  0.0890245  0.179867  
36.8662  3.59215  5.86887  2.05096  
3.59215  0.671721  1.0423  0.850593  
5.86887  1.0423  1.75796  1.462  
2.05096  0.850593  1.462  1.91759  
15.4337  6.73914  -3.72647  7.23885  
6.73914  3.87527  -1.65579  3.34902  
-3.72647  -1.65579  1.04341  -1.63486  
7.23885  3.34902  -1.63486  3.82615  
21.4081  -2.05261  2.65108  -2.10963  
-2.05261  2.90986  -0.221896  1.13154  
2.65108  -0.221896  0.568554  -0.193005  
-2.10963  1.13154  -0.193005  0.59341  
31.5816  -1.67712  -3.58964  1.10549  
-1.67712  0.340839  0.00523017  0.148857  
-3.58964  0.00523017  0.653713  -0.256404  
1.10549  0.148857  -0.256404  0.320024  
14.6368  -0.599735  0.684848  -0.622488  
-0.599735  0.618334  -0.0531269  0.215538  
0.684848  -0.0531269  0.0727431  -0.0715266  
-0.622488  0.215538  -0.0715266  0.120493  
