3,3,100
0.361742 -0.0914479 0.0137911 
-0.0914482 0.0861175 -0.0161549 
0.0137912 -0.0161549 0.00323916 
0.361479 -0.0913815 0.0137811 
-0.0913818 0.086055 -0.0161432 
0.0137812 -0.0161432 0.00323684 
0.361053 -0.0912738 0.013765 
-0.091274 0.0859538 -0.0161242 
0.013765 -0.0161242 0.0032331 
0.360348 -0.0910953 0.0137382 
-0.0910956 0.0857863 -0.0160928 
0.0137382 -0.0160928 0.00322697 
0.359157 -0.0907935 0.0136931 
-0.0907938 0.0855036 -0.0160397 
0.0136932 -0.0160397 0.00321681 
0.357105 -0.0902731 0.0136158 
-0.0902733 0.0850177 -0.0159484 
0.0136159 -0.0159484 0.00319987 
0.353509 -0.089359 0.0134815 
-0.0893593 0.0841695 -0.0157889 
0.0134815 -0.0157889 0.00317196 
0.347125 -0.0877299 0.0132467 
-0.0877302 0.0826741 -0.0155073 
0.0132468 -0.0155073 0.00312804 
0.335742 -0.0848033 0.01284 
-0.0848035 0.0800415 -0.0150097 
0.01284 -0.0150097 0.00306819 
0.315672 -0.0795715 0.0121627 
-0.0795717 0.0755124 -0.0141482 
0.0121628 -0.0141482 0.00302414 
0.281717 -0.0704857 0.0111472 
-0.0704859 0.0682192 -0.0127423 
0.0111473 -0.0127423 0.00315082 
0.229468 -0.0557876 0.00998331 
-0.0557877 0.0581255 -0.0107364 
0.00998335 -0.0107364 0.00396132 
0.162388 -0.0350228 0.00954255 
-0.0350229 0.0481495 -0.00857692 
0.00954258 -0.00857692 0.00662897 
0.0984877 -0.0113129 0.0113083 
-0.011313 0.0448318 -0.00737898 
0.0113083 -0.00737898 0.0125475 
0.0587768 0.00938418 0.0157248 
0.00938416 0.0521551 -0.00792821 
0.0157248 -0.00792821 0.021361 
0.0450325 0.0232612 0.0209981 
0.0232612 0.0652542 -0.00954624 
0.0209981 -0.00954625 0.0302236 
0.0440829 0.0308292 0.0250674 
0.0308292 0.0765527 -0.0109928 
0.0250674 -0.0109928 0.036632 
0.0457887 0.0343548 0.0273976 
0.0343548 0.0831639 -0.011688 
0.0273976 -0.011688 0.0403052 
0.0468013 0.0357017 0.0284605 
0.0357017 0.0858796 -0.0115754 
0.0284605 -0.0115754 0.0422226 
0.0467903 0.0359751 0.0288837 
0.0359751 0.0862028 -0.0105872 
0.0288837 -0.0105872 0.0435479 
0.0460629 0.0358233 0.0292358 
0.0358233 0.0852937 -0.00831061 
0.0292358 -0.00831062 0.045519 
0.0449847 0.0358047 0.0302099 
0.0358047 0.0841474 -0.00368847 
0.0302099 -0.00368848 0.0499676 
0.0440863 0.0367683 0.0330096 
0.0367683 0.0842043 0.00548035 
0.0330096 0.00548034 0.0602905 
0.044402 0.04032 0.0399136 
0.04032 0.0882107 0.0233408 
0.0399136 0.0233408 0.0829035 
0.0478841 0.0493268 0.0548952 
0.0493268 0.101177 0.0568482 
0.0548952 0.0568482 0.128832 
0.057574 0.0680404 0.0837091 
0.0680405 0.130689 0.115675 
0.0837091 0.115675 0.213803 
0.0768692 0.100953 0.132262 
0.100953 0.184951 0.209231 
0.132262 0.209231 0.35365 
0.107462 0.149893 0.202666 
0.149893 0.267627 0.339987 
0.202666 0.339987 0.5535 
0.147123 0.21108 0.289361 
0.21108 0.372471 0.497265 
0.289361 0.497264 0.797358 
0.189859 0.275619 0.379952 
0.275619 0.484002 0.659185 
0.379952 0.659185 1.05072 
0.229 0.333974 0.461393 
0.333974 0.585372 0.803395 
0.461393 0.803395 1.27769 
0.260365 0.380374 0.525919 
0.380374 0.666227 0.916989 
0.525919 0.916989 1.45711 
0.283032 0.413748 0.572231 
0.413748 0.724496 0.998227 
0.572231 0.998227 1.58572 
0.298204 0.436024 0.603101 
0.436024 0.763433 1.05226 
0.603101 1.05226 1.67137 
0.307793 0.450078 0.622563 
0.450078 0.788016 1.08628 
0.622563 1.08628 1.72534 
0.313548 0.458505 0.634228 
0.458505 0.802763 1.10666 
0.634228 1.10666 1.75769 
0.316714 0.463139 0.640639 
0.463139 0.810872 1.11785 
0.640639 1.11785 1.77546 
0.317921 0.4649 0.643077 
0.4649 0.813955 1.12211 
0.643077 1.12211 1.78222 
0.317054 0.4636 0.641285 
0.4636 0.811685 1.11898 
0.641285 1.11898 1.77725 
0.31295 0.457409 0.632752 
0.457409 0.800871 1.10406 
0.632752 1.10406 1.75359 
0.303017 0.441837 0.611383 
0.441837 0.773753 1.06661 
0.611383 1.06661 1.6943 
0.283858 0.408769 0.566468 
0.408769 0.71656 0.987454 
0.566468 0.987454 1.56949 
0.256475 0.348213 0.486058 
0.348213 0.613392 0.843974 
0.486058 0.843974 1.34531 
0.239158 0.257603 0.371401 
0.257603 0.463836 0.633808 
0.371401 0.633808 1.0233 
0.271627 0.154678 0.253632 
0.154678 0.304564 0.405047 
0.253632 0.405047 0.687137 
0.376926 0.0699453 0.175473 
0.0699453 0.189435 0.231742 
0.175473 0.231742 0.455002 
0.52304 0.0183059 0.147441 
0.0183059 0.135945 0.141789 
0.147441 0.141789 0.360056 
0.658062 -0.00712616 0.14872 
-0.00712624 0.122435 0.109544 
0.14872 0.109544 0.349102 
0.756758 -0.0184352 0.158535 
-0.0184353 0.124294 0.102595 
0.158535 0.102595 0.366179 
0.819804 -0.023389 0.167575 
-0.0233891 0.129139 0.103337 
0.167575 0.103337 0.384904 
0.85615 -0.0255956 0.173581 
-0.0255957 0.132974 0.105241 
0.173581 0.105241 0.397921 
0.87317 -0.0265174 0.176541 
-0.0265175 0.134932 0.106362 
0.176541 0.106362 0.404339 
0.873848 -0.0266717 0.176566 
-0.0266718 0.134746 0.10603 
0.176566 0.10603 0.403929 
0.856372 -0.0261075 0.173266 
-0.0261076 0.131807 0.103558 
0.173266 0.103558 0.394937 
0.815299 -0.0245227 0.166108 
-0.0245228 0.124894 0.0977252 
0.166108 0.0977252 0.373216 
0.749695 -0.021235 0.157109 
-0.021235 0.112788 0.0868501 
0.157109 0.0868501 0.33319 
0.692035 -0.0152572 0.159393 
-0.0152573 0.0974173 0.0703578 
0.159393 0.0703578 0.274869 
0.751996 -0.00596329 0.20829 
-0.00596333 0.0895266 0.0525218 
0.20829 0.0525218 0.218903 
1.06367 0.00554348 0.340812 
0.00554346 0.105136 0.042789 
0.340812 0.042789 0.204605 
1.57619 0.0162746 0.531665 
0.0162745 0.143401 0.0452445 
0.531665 0.0452445 0.242639 
2.05962 0.0238467 0.70326 
0.0238467 0.183415 0.0533052 
0.70326 0.0533052 0.297668 
2.37558 0.028123 0.813195 
0.028123 0.210602 0.0600859 
0.813195 0.0600859 0.338682 
2.53684 0.0301571 0.868823 
0.0301571 0.224704 0.0638712 
0.868823 0.0638712 0.360708 
2.6005 0.030929 0.890716 
0.030929 0.230317 0.0654116 
0.890716 0.0654116 0.369588 
2.60775 0.0309951 0.893229 
0.0309951 0.230981 0.0655659 
0.893229 0.0655659 0.370616 
2.57662 0.0305621 0.88261 
0.0305621 0.228298 0.0647352 
0.88261 0.0647352 0.36627 
2.50828 0.0295844 0.859309 
0.0295844 0.222441 0.0628963 
0.859309 0.0628963 0.356772 
2.39204 0.0277708 0.819769 
0.0277708 0.212657 0.0596592 
0.819769 0.0596592 0.340814 
2.2088 0.0244762 0.757723 
0.0244762 0.197751 0.0542397 
0.757723 0.0542397 0.316228 
1.93768 0.018466 0.666654 
0.018466 0.177043 0.0453949 
0.666654 0.0453949 0.281331 
1.57225 0.00765075 0.545649 
0.00765075 0.152349 0.031498 
0.545649 0.0314979 0.237831 
1.14601 -0.0106881 0.408199 
-0.0106881 0.130336 0.0111237 
0.408199 0.0111237 0.194555 
0.741998 -0.0382059 0.284441 
-0.0382059 0.121489 -0.0155633 
0.284441 -0.0155633 0.166745 
0.449047 -0.0726694 0.204049 
-0.0726694 0.132282 -0.0454726 
0.204049 -0.0454726 0.165493 
0.294443 -0.107641 0.172431 
-0.107641 0.157881 -0.0734702 
0.172431 -0.0734702 0.186708 
0.239215 -0.136653 0.171775 
-0.136653 0.186616 -0.0954917 
0.171775 -0.0954918 0.215818 
0.230486 -0.157064 0.181862 
-0.157064 0.209925 -0.110488 
0.181862 -0.110488 0.241046 
0.235622 -0.16979 0.191857 
-0.16979 0.225544 -0.119663 
0.191857 -0.119664 0.258442 
0.241847 -0.177064 0.198721 
-0.177064 0.234809 -0.124854 
0.198721 -0.124854 0.268904 
0.246025 -0.180892 0.202649 
-0.180892 0.239778 -0.127571 
0.202649 -0.127571 0.274553 
0.24802 -0.18256 0.204422 
-0.18256 0.24196 -0.128751 
0.204422 -0.128751 0.27704 
0.248007 -0.182593 0.204438 
-0.182593 0.241997 -0.128776 
0.204438 -0.128776 0.277081 
0.24556 -0.180761 0.202397 
-0.180761 0.239568 -0.127487 
0.202397 -0.127487 0.274304 
0.239291 -0.175936 0.197078 
-0.175936 0.233177 -0.124097 
0.197078 -0.124097 0.267011 
0.226974 -0.165936 0.186247 
-0.165936 0.21994 -0.1171 
0.186247 -0.1171 0.251962 
0.207339 -0.147904 0.167464 
-0.147904 0.196108 -0.104597 
0.167464 -0.104597 0.225086 
0.185295 -0.120373 0.141081 
-0.120373 0.159825 -0.0858585 
0.141081 -0.0858585 0.184843 
0.177481 -0.0868366 0.114453 
-0.0868366 0.115882 -0.063873 
0.114453 -0.063873 0.137727 
0.204475 -0.0561281 0.0999519 
-0.0561281 0.0761017 -0.0452499 
0.0999519 -0.0452499 0.0979994 
0.268294 -0.035678 0.103561 
-0.035678 0.0502225 -0.0348728 
0.103561 -0.0348728 0.0761283 
0.34777 -0.0258292 0.119403 
-0.0258292 0.0384104 -0.032028 
0.119403 -0.032028 0.0704702 
0.420044 -0.0225407 0.137928 
-0.0225407 0.0350776 -0.0330984 
0.137928 -0.0330984 0.0731557 
0.475111 -0.022105 0.153546 
-0.022105 0.0352439 -0.0352496 
0.153546 -0.0352496 0.0780614 
0.513291 -0.0225592 0.164925 
-0.0225592 0.0363479 -0.0372291 
0.164925 -0.0372291 0.0825079 
0.538623 -0.0231418 0.172679 
-0.0231418 0.037448 -0.038724 
0.172679 -0.038724 0.0858466 
0.555186 -0.0236306 0.177827 
-0.0236306 0.0383082 -0.039771 
0.177827 -0.039771 0.0881785 
0.566033 -0.0239936 0.181229 
-0.0239936 0.0389276 -0.0404843 
0.181229 -0.0404843 0.0897649 
0.573206 -0.0242515 0.183493 
-0.0242515 0.0393606 -0.0409676 
0.183493 -0.0409676 0.0908388 
0.578013 -0.0244321 0.185015 
-0.0244321 0.0396609 -0.0412964 
0.185015 -0.0412964 0.0915689 
0.581274 -0.024558 0.18605 
-0.024558 0.0398691 -0.0415218 
0.18605 -0.0415218 0.0920692 
