3,3,100
0.0847802 -0.0198953 -0.00779998 
-0.0198955 0.052706 -0.00492916 
-0.00779998 -0.00492916 0.00619944 
0.0846807 -0.0198717 -0.00779076 
-0.0198719 0.0526444 -0.00492325 
-0.00779076 -0.00492325 0.00619247 
0.0845051 -0.0198297 -0.00777439 
-0.0198299 0.052536 -0.00491271 
-0.00777439 -0.00491271 0.00618049 
0.0841835 -0.0197518 -0.00774416 
-0.019752 0.0523383 -0.004893 
-0.00774416 -0.004893 0.00615962 
0.0835729 -0.0196003 -0.00768583 
-0.0196006 0.0519663 -0.00485407 
-0.00768583 -0.00485407 0.0061239 
0.0823779 -0.01929 -0.00756797 
-0.0192902 0.0512513 -0.004772 
-0.00756797 -0.004772 0.00606928 
0.0800016 -0.0186134 -0.0073179 
-0.0186136 0.0498845 -0.00458382 
-0.0073179 -0.00458382 0.00602563 
0.0753662 -0.0170254 -0.0067592 
-0.0170256 0.0474677 -0.00410397 
-0.0067592 -0.00410397 0.00623391 
0.0672524 -0.0129984 -0.00545153 
-0.0129986 0.0443968 -0.00273952 
-0.00545153 -0.00273952 0.0079631 
0.0573737 -0.00246955 -0.00237216 
-0.00246969 0.0458874 0.00128755 
-0.00237216 0.00128755 0.0162234 
0.0572472 0.0217908 0.00404496 
0.0217907 0.0683316 0.0114842 
0.00404496 0.0114842 0.0427231 
0.0803952 0.0606339 0.0136198 
0.0606338 0.123877 0.0287564 
0.0136198 0.0287564 0.092854 
0.114216 0.0977815 0.0224272 
0.0977815 0.186809 0.0457477 
0.0224272 0.0457477 0.144651 
0.137476 0.119864 0.0275695 
0.119864 0.226869 0.0559745 
0.0275695 0.0559745 0.176483 
0.147862 0.129204 0.029731 
0.129204 0.244272 0.0603185 
0.029731 0.0603185 0.19013 
0.151147 0.132081 0.0304006 
0.132081 0.249703 0.0616516 
0.0304006 0.0616516 0.194365 
0.151306 0.132162 0.0304338 
0.132162 0.249909 0.0616701 
0.0304338 0.0616701 0.194515 
0.149928 0.130815 0.0301573 
0.130815 0.247491 0.0609971 
0.0301573 0.0609971 0.192609 
0.147411 0.128269 0.0296526 
0.128269 0.242993 0.0597027 
0.0296526 0.0597027 0.189047 
0.143783 0.124235 0.0289263 
0.124235 0.23615 0.0575547 
0.0289263 0.0575547 0.183569 
0.139426 0.118228 0.0280591 
0.118228 0.22679 0.0540751 
0.0280591 0.0540751 0.175897 
0.136507 0.110054 0.0274951 
0.110054 0.21644 0.0485336 
0.0274951 0.0485336 0.166855 
0.1421 0.101005 0.0286776 
0.101005 0.211982 0.0400319 
0.0286776 0.0400319 0.160941 
0.172807 0.0959792 0.0349854 
0.0959792 0.231396 0.0279053 
0.0349854 0.0279053 0.170467 
0.25436 0.104421 0.0516481 
0.104421 0.304375 0.0125592 
0.0516481 0.0125592 0.216257 
0.402851 0.134655 0.081926 
0.134655 0.451862 -0.00388335 
0.081926 -0.00388335 0.313607 
0.596078 0.182884 0.121289 
0.182884 0.65252 -0.0184026 
0.121289 -0.0184026 0.448646 
0.781283 0.23335 0.159001 
0.23335 0.849013 -0.0290393 
0.159001 -0.0290393 0.582064 
0.919478 0.27262 0.187134 
0.27262 0.997218 -0.0357274 
0.187134 -0.0357274 0.683135 
1.00538 0.29754 0.204618 
0.29754 1.08984 -0.0394896 
0.204618 -0.0394896 0.746437 
1.05257 0.311371 0.214224 
0.311371 1.14086 -0.0414483 
0.214224 -0.0414483 0.781349 
1.07646 0.318408 0.219086 
0.318408 1.16673 -0.042413 
0.219086 -0.042413 0.799056 
1.08788 0.321779 0.22141 
0.321779 1.1791 -0.042868 
0.22141 -0.042868 0.807524 
1.09307 0.323313 0.222467 
0.323313 1.18473 -0.0430737 
0.222467 -0.0430737 0.811378 
1.09528 0.323967 0.222917 
0.323967 1.18712 -0.0431609 
0.222917 -0.0431609 0.813018 
1.09605 0.324193 0.223073 
0.324193 1.18795 -0.0431912 
0.223073 -0.0431912 0.813587 
1.09602 0.324185 0.223067 
0.324185 1.18792 -0.0431901 
0.223067 -0.0431901 0.813567 
1.09535 0.323984 0.222929 
0.323984 1.18719 -0.0431635 
0.222929 -0.0431635 0.813064 
1.09381 0.323527 0.222615 
0.323527 1.18552 -0.0431031 
0.222615 -0.0431031 0.81192 
1.09077 0.32262 0.221994 
0.32262 1.18223 -0.0429843 
0.221994 -0.0429843 0.809661 
1.08477 0.320813 0.220761 
0.320813 1.17573 -0.0427507 
0.220761 -0.0427507 0.805187 
1.07143 0.316749 0.218006 
0.316749 1.1613 -0.0422364 
0.218006 -0.0422364 0.795214 
1.03306 0.304888 0.21009 
0.304888 1.11996 -0.0408148 
0.21009 -0.0408148 0.766536 
0.908057 0.26321 0.185263 
0.26321 0.989882 -0.0376645 
0.185263 -0.0376645 0.674346 
0.63013 0.132623 0.141744 
0.132623 0.757767 -0.0489583 
0.141744 -0.0489583 0.484414 
0.418363 -0.126728 0.15711 
-0.126728 0.820101 -0.134273 
0.15711 -0.134273 0.402014 
0.446404 -0.387382 0.244288 
-0.387382 1.25259 -0.264339 
0.244288 -0.26434 0.527415 
0.523098 -0.534295 0.310734 
-0.534295 1.58821 -0.348366 
0.310734 -0.348366 0.64948 
0.552439 -0.579338 0.329875 
-0.579338 1.69412 -0.373444 
0.329875 -0.373444 0.68744 
0.529656 -0.546582 0.301767 
-0.546582 1.58737 -0.346797 
0.301767 -0.346797 0.637707 
0.484229 -0.449578 0.214588 
-0.449578 1.2841 -0.265721 
0.214588 -0.265721 0.493543 
0.581535 -0.386021 0.0689643 
-0.386021 1.02791 -0.161189 
0.0689643 -0.161189 0.317192 
1.0353 -0.541686 -0.0602371 
-0.541686 1.33463 -0.134937 
-0.0602371 -0.134937 0.297272 
1.48672 -0.756164 -0.116492 
-0.756164 1.8373 -0.169503 
-0.116492 -0.169503 0.382918 
1.67055 -0.849088 -0.132705 
-0.849088 2.06035 -0.189218 
-0.132705 -0.189218 0.427563 
1.72457 -0.876698 -0.137106 
-0.876698 2.12689 -0.195318 
-0.137106 -0.195318 0.44121 
1.74282 -0.886023 -0.138575 
-0.886023 2.1494 -0.197389 
-0.138575 -0.197389 0.445847 
1.75078 -0.890086 -0.139213 
-0.890086 2.15923 -0.198292 
-0.139213 -0.198292 0.447877 
1.7547 -0.892082 -0.139526 
-0.892082 2.16406 -0.198736 
-0.139526 -0.198736 0.448878 
1.75668 -0.893089 -0.139684 
-0.893089 2.1665 -0.198961 
-0.139684 -0.198961 0.449384 
1.75768 -0.893596 -0.139763 
-0.893596 2.16773 -0.199073 
-0.139763 -0.199073 0.449638 
1.75816 -0.893843 -0.139802 
-0.893843 2.16833 -0.199128 
-0.139802 -0.199128 0.449763 
1.75835 -0.893936 -0.139816 
-0.893936 2.16856 -0.199149 
-0.139816 -0.199149 0.449809 
1.75823 -0.893879 -0.139807 
-0.893879 2.16842 -0.199137 
-0.139807 -0.199137 0.449781 
1.75753 -0.893524 -0.139752 
-0.893524 2.16756 -0.199057 
-0.139752 -0.199057 0.449602 
1.75526 -0.892369 -0.139571 
-0.892369 2.16476 -0.1988 
-0.139571 -0.1988 0.449022 
1.74873 -0.889045 -0.139052 
-0.889045 2.1567 -0.198057 
-0.139052 -0.198057 0.447358 
1.7312 -0.880133 -0.137666 
-0.880133 2.1351 -0.196055 
-0.137666 -0.196055 0.442938 
1.68758 -0.857951 -0.134249 
-0.857951 2.08145 -0.191001 
-0.134249 -0.191001 0.432202 
1.58896 -0.807759 -0.126695 
-0.807759 1.96062 -0.179176 
-0.126695 -0.179176 0.409389 
1.39508 -0.708954 -0.112648 
-0.708954 1.72532 -0.154114 
-0.112648 -0.154114 0.371258 
1.0872 -0.551562 -0.093169 
-0.551562 1.35953 -0.107909 
-0.093169 -0.107909 0.334379 
0.727342 -0.366371 -0.0775075 
-0.366371 0.951764 -0.0378019 
-0.0775075 -0.0378019 0.350763 
0.440993 -0.216896 -0.0772338 
-0.216896 0.661203 0.0456035 
-0.0772338 0.0456035 0.465846 
0.290588 -0.135826 -0.0918633 
-0.135826 0.549692 0.122888 
-0.0918633 0.122888 0.649977 
0.239814 -0.105991 -0.111044 
-0.105991 0.551674 0.181248 
-0.111044 0.181248 0.83137 
0.232707 -0.0995013 -0.127089 
-0.0995013 0.589128 0.219692 
-0.127089 0.219692 0.96862 
0.237728 -0.100235 -0.137987 
-0.100235 0.624532 0.242913 
-0.137987 0.242913 1.0578 
0.243083 -0.101936 -0.144288 
-0.101936 0.647482 0.255618 
-0.144288 0.255618 1.10836 
0.244982 -0.102498 -0.146674 
-0.102498 0.656041 0.260469 
-0.146674 0.260469 1.12759 
0.241287 -0.100806 -0.144938 
-0.100806 0.64746 0.257617 
-0.144938 0.257617 1.11467 
0.228808 -0.0953259 -0.137447 
-0.0953259 0.613945 0.2443 
-0.137447 0.2443 1.0575 
0.202755 -0.0835415 -0.120995 
-0.0835415 0.541634 0.214649 
-0.120995 0.214649 0.932144 
0.160667 -0.062854 -0.0926266 
-0.062854 0.419515 0.162661 
-0.0926266 0.162661 0.717872 
0.113615 -0.0346275 -0.0558351 
-0.0346275 0.267894 0.092939 
-0.0558351 0.092939 0.445687 
0.0874237 -0.00754938 -0.0241382 
-0.00754938 0.150115 0.0284982 
-0.0241382 0.0284982 0.222228 
0.0909277 0.0100237 -0.00747853 
0.0100237 0.103677 -0.0106376 
-0.00747853 -0.0106376 0.118094 
0.105729 0.0184533 -0.00199213 
0.0184533 0.100604 -0.0276872 
-0.00199213 -0.0276872 0.094327 
0.117121 0.0219421 -0.000727094 
0.0219421 0.10704 -0.0340514 
-0.000727094 -0.0340514 0.0950013 
0.123083 0.0233261 -0.000500735 
0.0233261 0.111706 -0.0363866 
-0.000500735 -0.0363866 0.0981484 
0.12572 0.023869 -0.000469065 
0.023869 0.113973 -0.0372632 
-0.000469065 -0.0372632 0.0999796 
0.126793 0.0240791 -0.000466686 
0.0240791 0.114927 -0.0375958 
-0.000466686 -0.0375958 0.100792 
0.127209 0.024159 -0.000467309 
0.024159 0.115301 -0.0377211 
-0.000467309 -0.0377211 0.101117 
0.127365 0.0241888 -0.000467759 
0.0241888 0.115442 -0.0377676 
-0.000467759 -0.0377676 0.10124 
0.127422 0.0241996 -0.000467952 
0.0241996 0.115493 -0.0377845 
-0.000467952 -0.0377845 0.101285 
0.127442 0.0242034 -0.000468025 
0.0242034 0.115512 -0.0377906 
-0.000468025 -0.0377906 0.101301 
0.127449 0.0242048 -0.000468051 
0.0242048 0.115518 -0.0377927 
-0.000468051 -0.0377927 0.101307 
0.127452 0.0242053 -0.00046806 
0.0242053 0.11552 -0.0377934 
-0.00046806 -0.0377934 0.101309 
0.127452 0.0242054 -0.000468063 
0.0242054 0.115521 -0.0377936 
-0.000468063 -0.0377936 0.101309 
0.127453 0.0242055 -0.000468064 
0.0242055 0.115521 -0.0377937 
-0.000468064 -0.0377937 0.101309 
