3,3,100
0.0229391 -0.075326 0.0163185 
-0.075326 0.476882 -0.190074 
0.0163185 -0.190074 0.222201 
0.0229027 -0.07519 0.0162893 
-0.07519 0.476076 -0.189756 
0.0162893 -0.189756 0.221817 
0.0228267 -0.0749013 0.0162273 
-0.0749013 0.474378 -0.189086 
0.0162273 -0.189086 0.221004 
0.022698 -0.0743988 0.0161195 
-0.0743988 0.471462 -0.187938 
0.0161195 -0.187938 0.219602 
0.022495 -0.0735663 0.0159413 
-0.0735663 0.466741 -0.186085 
0.0159413 -0.186085 0.217312 
0.0221872 -0.0721898 0.015648 
-0.0721898 0.459239 -0.183159 
0.015648 -0.183159 0.213617 
0.0217468 -0.0698752 0.0151582 
-0.0698752 0.447464 -0.178618 
0.0151582 -0.178618 0.207658 
0.0212117 -0.0658952 0.0143256 
-0.0658952 0.429636 -0.171902 
0.0143256 -0.171902 0.198141 
0.0209313 -0.0589351 0.0128985 
-0.0589351 0.405594 -0.163379 
0.0128985 -0.163379 0.18365 
0.022336 -0.0468046 0.0104941 
-0.0468045 0.384305 -0.157829 
0.0104941 -0.157829 0.164613 
0.0295773 -0.0266273 0.00670997 
-0.0266272 0.402287 -0.172704 
0.00670997 -0.172704 0.149057 
0.0501076 0.00308267 0.00157076 
0.00308268 0.536189 -0.243105 
0.00157076 -0.243105 0.158561 
0.0873558 0.0381836 -0.00393115 
0.0381836 0.835828 -0.390136 
-0.00393115 -0.390136 0.212462 
0.12995 0.0689848 -0.00832437 
0.0689848 1.20663 -0.567854 
-0.00832437 -0.567854 0.292303 
0.161854 0.0889176 -0.0109766 
0.0889176 1.49383 -0.704188 
-0.0109766 -0.704188 0.358224 
0.179157 0.0989838 -0.0122624 
0.0989838 1.65182 -0.778886 
-0.0122624 -0.778886 0.395425 
0.186656 0.103214 -0.0127895 
0.103214 1.72067 -0.81138 
-0.0127895 -0.81138 0.411804 
0.189329 0.104706 -0.0129667 
0.104706 1.74521 -0.822945 
-0.0129667 -0.822945 0.41767 
0.189936 0.105048 -0.0129892 
0.105048 1.75064 -0.825476 
-0.0129892 -0.825476 0.41898 
0.189639 0.104895 -0.0129248 
0.104895 1.74752 -0.823945 
-0.0129248 -0.823945 0.418265 
0.188825 0.104471 -0.0127679 
0.104471 1.73914 -0.819851 
-0.0127679 -0.819851 0.416332 
0.187561 0.103833 -0.0124505 
0.103833 1.72551 -0.813098 
-0.0124505 -0.813098 0.413233 
0.18583 0.103013 -0.011806 
0.103013 1.70503 -0.802701 
-0.011806 -0.802701 0.408706 
0.183694 0.102142 -0.0104688 
0.102142 1.6751 -0.786909 
-0.0104688 -0.786909 0.402388 
0.181558 0.101658 -0.0076528 
0.101658 1.63244 -0.763038 
-0.0076528 -0.763038 0.394077 
0.180701 0.102722 -0.00170447 
0.102722 1.57389 -0.727136 
-0.00170447 -0.727136 0.384248 
0.184315 0.108031 0.0107256 
0.108031 1.49815 -0.673577 
0.0107256 -0.673577 0.37513 
0.199253 0.123163 0.0360121 
0.123163 1.40955 -0.594764 
0.0360121 -0.594764 0.37262 
0.238289 0.158283 0.0851545 
0.158283 1.32369 -0.481339 
0.0851545 -0.481339 0.388888 
0.321398 0.229048 0.174436 
0.229048 1.27287 -0.323684 
0.174436 -0.323684 0.444204 
0.472767 0.354159 0.322595 
0.354159 1.30463 -0.11551 
0.322595 -0.11551 0.564439 
0.710496 0.547273 0.542353 
0.547273 1.46571 0.140792 
0.542353 0.140792 0.770699 
1.03214 0.805804 0.829162 
0.805804 1.77411 0.430104 
0.829162 0.430104 1.06394 
1.40793 1.10587 1.15663 
1.10587 2.20004 0.726455 
1.15663 0.726455 1.41683 
1.79106 1.41052 1.48558 
1.41052 2.67662 1.00171 
1.48558 1.00171 1.78325 
2.13812 1.68573 1.7807 
1.68573 3.13287 1.23545 
1.7807 1.23545 2.11901 
2.42359 1.91171 2.02193 
1.91171 3.52114 1.41946 
2.02193 1.41946 2.39723 
2.6413 2.08385 2.20517 
2.08385 3.82364 1.55573 
2.20517 1.55573 2.6104 
2.79763 2.20737 2.3364 
2.20737 4.04381 1.65171 
2.3364 1.65171 2.76394 
2.9037 2.29115 2.42529 
2.29115 4.19448 1.71604 
2.42529 1.71604 2.86832 
2.97005 2.34355 2.48085 
2.34355 4.28924 1.756 
2.48085 1.756 2.93369 
3.00385 2.37026 2.50914 
2.37026 4.33778 1.77635 
2.50914 1.77635 2.96702 
3.00758 2.37329 2.51229 
2.37329 4.34363 1.77887 
2.51229 1.77887 2.97071 
2.97816 2.35034 2.48778 
2.35034 4.30318 1.76211 
2.48778 1.76211 2.94179 
2.90632 2.29443 2.42794 
2.29443 4.2057 1.72141 
2.42794 1.72141 2.87127 
2.77661 2.19428 2.32003 
2.19428 4.03619 1.6497 
2.32003 1.6497 2.7444 
2.56994 2.03701 2.14858 
2.03701 3.78482 1.54067 
2.14858 1.54067 2.54358 
2.2715 1.81561 1.90213 
1.81561 3.46809 1.39619 
1.90213 1.39619 2.25683 
1.8852 1.54138 1.58564 
1.54138 3.15807 1.23719 
1.58564 1.23719 1.89269 
1.44773 1.25386 1.23188 
1.25386 2.99366 1.10949 
1.23188 1.10949 1.49344 
1.02508 1.01264 0.897505 
1.01264 3.13087 1.06912 
0.897505 1.06912 1.12853 
0.682509 0.865883 0.636352 
0.865883 3.63715 1.14718 
0.636352 1.14718 0.860529 
0.450223 0.821549 0.470436 
0.821549 4.4274 1.32544 
0.470436 1.32544 0.710227 
0.317269 0.850258 0.386414 
0.850258 5.31784 1.55032 
0.386414 1.55032 0.654996 
0.252261 0.911516 0.354883 
0.911516 6.13572 1.76752 
0.354883 1.76752 0.654879 
0.224969 0.974484 0.349175 
0.974484 6.78081 1.94328 
0.349175 1.94328 0.676039 
0.214974 1.02256 0.352127 
1.02256 7.21961 2.0644 
0.352127 2.0644 0.698023 
0.210897 1.04883 0.354632 
1.04883 7.45233 2.12876 
0.354632 2.12876 0.710757 
0.206964 1.05047 0.352178 
1.05047 7.48442 2.1367 
0.352178 2.1367 0.7095 
0.200205 1.02515 0.3422 
1.02515 7.31142 2.0862 
0.3422 2.0862 0.691286 
0.188917 0.969833 0.322734 
0.969833 6.91604 1.97161 
0.322734 1.97161 0.65335 
0.172177 0.881575 0.292182 
0.881575 6.27729 1.7859 
0.292182 1.7859 0.593313 
0.150162 0.760702 0.25004 
0.760702 5.39359 1.52693 
0.25004 1.52693 0.511075 
0.124904 0.615445 0.198327 
0.615445 4.31666 1.20702 
0.198327 1.20702 0.411853 
0.100623 0.464811 0.142649 
0.464811 3.17438 0.860071 
0.142649 0.860071 0.308139 
0.0824401 0.334147 0.0911426 
0.334147 2.14456 0.535751 
0.0911426 0.535751 0.216873 
0.0735676 0.242813 0.0508245 
0.242813 1.37258 0.277766 
0.0508245 0.277766 0.151324 
0.0733892 0.194019 0.0241456 
0.194019 0.898146 0.102711 
0.0241456 0.102711 0.114214 
0.0784638 0.176887 0.00898787 
0.176887 0.661712 -0.000688139 
0.00898787 -0.000688139 0.0988279 
0.0851151 0.176692 0.00138284 
0.176692 0.569361 -0.0556912 
0.00138284 -0.0556912 0.0956281 
0.0910447 0.182501 -0.00210155 
0.182501 0.545498 -0.0830852 
-0.00210155 -0.0830852 0.0973354 
0.0953805 0.188643 -0.00360593 
0.188643 0.546565 -0.0962634 
-0.00360593 -0.0962634 0.100028 
0.0980544 0.192985 -0.00422909 
0.192985 0.55264 -0.102389 
-0.00422909 -0.102389 0.102111 
0.0992458 0.194995 -0.00446849 
0.194995 0.556062 -0.104861 
-0.00446849 -0.104861 0.103097 
0.0990724 0.194546 -0.00452995 
0.194546 0.55399 -0.105116 
-0.00452995 -0.105116 0.102835 
0.0974559 0.191358 -0.00449132 
0.191358 0.544692 -0.103584 
-0.00449132 -0.103584 0.101148 
0.0940816 0.184792 -0.00438083 
0.184792 0.526055 -0.100157 
-0.00438083 -0.100157 0.097695 
0.0884388 0.173897 -0.00422252 
0.173897 0.495398 -0.0944704 
-0.00422252 -0.0944704 0.0919906 
0.080014 0.157823 -0.00408268 
0.157823 0.450584 -0.0862587 
-0.00408268 -0.0862587 0.0836314 
0.0687378 0.136755 -0.00413131 
0.136755 0.392775 -0.0759706 
-0.00413131 -0.0759706 0.0728099 
0.0556159 0.113179 -0.00468678 
0.113179 0.330064 -0.0654909 
-0.00468678 -0.0654909 0.0609892 
0.0429842 0.0922168 -0.00614173 
0.0922168 0.278096 -0.0581566 
-0.00614173 -0.0581566 0.0510334 
0.0335965 0.0794154 -0.00869848 
0.0794154 0.252943 -0.0571216 
-0.00869848 -0.0571216 0.0459162 
0.0288862 0.0769912 -0.0121055 
0.0769912 0.259712 -0.0629595 
-0.0121055 -0.0629595 0.0466336 
0.0281965 0.082539 -0.0157397 
0.082539 0.289323 -0.0731978 
-0.0157397 -0.0731978 0.0515874 
0.0297404 0.0915591 -0.0189922 
0.0915591 0.326987 -0.0843606 
-0.0189922 -0.0843606 0.0581093 
0.0319352 0.100489 -0.0215482 
0.100489 0.361657 -0.0940412 
-0.0215482 -0.0940412 0.064183 
0.0339275 0.107683 -0.0233836 
0.107683 0.388702 -0.101378 
-0.0233836 -0.101378 0.0689467 
0.0354445 0.112869 -0.024626 
0.112869 0.407879 -0.1065 
-0.024626 -0.1065 0.0723339 
0.0365005 0.116376 -0.0254364 
0.116376 0.420731 -0.109902 
-0.0254364 -0.109902 0.0746075 
0.0372 0.118662 -0.0259535 
0.118662 0.429064 -0.112097 
-0.0259535 -0.112097 0.0760831 
0.0376507 0.120121 -0.0262794 
0.120121 0.434367 -0.11349 
-0.0262794 -0.11349 0.0770226 
0.0379368 0.121042 -0.0264834 
0.121042 0.437708 -0.114365 
-0.0264834 -0.114365 0.0776146 
0.0381169 0.12162 -0.0266109 
0.12162 0.439801 -0.114913 
-0.0266109 -0.114913 0.0779858 
0.03823 0.121982 -0.0266905 
0.121982 0.441112 -0.115256 
-0.0266905 -0.115256 0.0782182 
0.0383009 0.122209 -0.0267402 
0.122209 0.441933 -0.115471 
-0.0267402 -0.115471 0.0783636 
0.0383454 0.122351 -0.0267714 
0.122351 0.442447 -0.115605 
-0.0267714 -0.115605 0.0784549 
0.0383734 0.12244 -0.026791 
0.12244 0.442771 -0.11569 
-0.026791 -0.11569 0.0785122 
0.038391 0.122497 -0.0268033 
0.122497 0.442974 -0.115743 
-0.0268033 -0.115743 0.0785484 
0.0384022 0.122532 -0.0268111 
0.122532 0.443103 -0.115777 
-0.0268111 -0.115777 0.0785712 
