4  6
0.117137  0.203125  0.191443  0.138788  0.171524  0.177983  
6.36565  -0.458814  2.34266  3.71158  
22.849  -0.773416  4.4163  6.819  
41.7942  -5.46224  5.29704  2.06949  
58.8417  -8.16675  2.00321  -1.69801  
74.0255  -8.65065  3.35769  -0.737027  
91.2912  -8.60997  3.06461  -0.404968  
11.4514  -0.850422  4.84561  7.61547  
-0.850422  0.0866402  -0.437086  -0.548824  
4.84561  -0.437086  2.53898  3.02775  
7.61547  -0.548824  3.02775  5.2922  
43.1696  0.174192  0.555573  -1.61694  
0.174192  0.192405  0.108257  -0.019669  
0.555573  0.108257  1.77436  -0.854148  
-1.61694  -0.019669  -0.854148  0.483485  
45.1983  -9.70731  2.14559  -16.4588  
-9.70731  5.21944  2.01258  6.15326  
2.14559  2.01258  4.62775  1.07249  
-16.4588  6.15326  1.07249  9.08949  
28.2016  -2.14373  -3.76302  4.15913  
-2.14373  0.402813  1.52705  0.097029  
-3.76302  1.52705  9.36833  1.9759  
4.15913  0.097029  1.9759  1.44922  
36.0449  -0.358515  -0.768011  -0.591651  
-0.358515  0.107921  0.212481  0.00108612  
-0.768011  0.212481  0.599208  -0.0983202  
-0.591651  0.00108612  -0.0983202  0.11797  
31.884  -0.168738  -0.0411713  -0.253771  
-0.168738  0.0393149  0.122813  -0.0254819  
-0.0411713  0.122813  0.443384  -0.115508  
-0.253771  -0.0254819  -0.115508  0.0806314  
