3,3,100
0.0939101 -0.102495 -0.0098873 
-0.102495 0.559059 -0.173627 
-0.0098873 -0.173627 0.184432 
0.0937089 -0.102263 -0.00985967 
-0.102263 0.55777 -0.173227 
-0.00985967 -0.173227 0.184007 
0.0933391 -0.10183 -0.00980642 
-0.10183 0.555366 -0.172481 
-0.00980642 -0.172481 0.183213 
0.0927145 -0.101085 -0.00970857 
-0.101085 0.551193 -0.171187 
-0.00970857 -0.171187 0.181836 
0.0916903 -0.0998129 -0.00952317 
-0.099813 0.543996 -0.168957 
-0.00952317 -0.168958 0.17946 
0.0900667 -0.0976296 -0.00914543 
-0.0976297 0.531398 -0.165059 
-0.00914543 -0.165059 0.1753 
0.0877655 -0.093905 -0.00829314 
-0.093905 0.50905 -0.158159 
-0.00829314 -0.158159 0.167916 
0.0858579 -0.0879294 -0.00613424 
-0.0879294 0.469935 -0.146143 
-0.00613424 -0.146143 0.154974 
0.0908532 -0.0804116 -0.000137933 
-0.0804116 0.407206 -0.127099 
-0.000137933 -0.127099 0.134154 
0.126577 -0.078857 0.0164899 
-0.078857 0.330818 -0.104745 
0.0164899 -0.104745 0.108561 
0.241007 -0.103313 0.0549491 
-0.103313 0.295995 -0.0973226 
0.0549491 -0.0973227 0.0960992 
0.446322 -0.165055 0.114971 
-0.165055 0.360861 -0.122952 
0.114971 -0.122952 0.115924 
0.650871 -0.233606 0.17123 
-0.233606 0.475664 -0.163832 
0.17123 -0.163832 0.152297 
0.774983 -0.276923 0.204499 
-0.276923 0.557611 -0.192394 
0.204499 -0.192394 0.178438 
0.82886 -0.296014 0.218797 
-0.296014 0.595232 -0.20542 
0.218797 -0.20542 0.190464 
0.847911 -0.302801 0.223834 
-0.302801 0.608791 -0.210104 
0.223834 -0.210104 0.194801 
0.853676 -0.304858 0.225357 
-0.304858 0.61292 -0.211529 
0.225357 -0.211529 0.196122 
0.854946 -0.305311 0.225692 
-0.305311 0.613831 -0.211843 
0.225692 -0.211843 0.196414 
0.854585 -0.305182 0.225597 
-0.305182 0.613572 -0.211753 
0.225597 -0.211753 0.196332 
0.853201 -0.304687 0.225232 
-0.304687 0.612578 -0.211408 
0.225232 -0.211408 0.196015 
0.850474 -0.303709 0.224514 
-0.303709 0.61062 -0.210725 
0.224514 -0.210725 0.195396 
0.845443 -0.301899 0.223191 
-0.301899 0.607008 -0.209454 
0.223191 -0.209454 0.194264 
0.836336 -0.298603 0.220806 
-0.298603 0.600469 -0.207114 
0.220806 -0.207114 0.192251 
0.820197 -0.292692 0.216607 
-0.292692 0.588882 -0.202837 
0.216607 -0.202837 0.188809 
0.792613 -0.282363 0.209526 
-0.282363 0.56908 -0.195098 
0.209526 -0.195098 0.183335 
0.74844 -0.265091 0.198493 
-0.265091 0.53737 -0.181324 
0.198493 -0.181324 0.175888 
0.685756 -0.238314 0.183786 
-0.238314 0.492379 -0.157494 
0.183786 -0.157494 0.169409 
0.615961 -0.201765 0.170234 
-0.201765 0.442308 -0.118238 
0.170234 -0.118238 0.174343 
0.576445 -0.161284 0.170857 
-0.161284 0.414026 -0.0586277 
0.170857 -0.0586277 0.212829 
0.623409 -0.129575 0.203578 
-0.129575 0.447912 0.0213297 
0.203578 0.0213297 0.311069 
0.78489 -0.117896 0.275276 
-0.117896 0.56409 0.112331 
0.275276 0.112331 0.473254 
1.02118 -0.125631 0.369783 
-0.125631 0.734002 0.198587 
0.369783 0.198587 0.665793 
1.25771 -0.14257 0.460532 
-0.14257 0.904058 0.26756 
0.460532 0.26756 0.841943 
1.44468 -0.159299 0.530869 
-0.159299 1.03847 0.315775 
0.530869 0.315775 0.975166 
1.57211 -0.171845 0.578325 
-0.171845 1.13008 0.34647 
0.578325 0.34647 1.06389 
1.65143 -0.18003 0.607707 
-0.18003 1.1871 0.364868 
0.607707 0.364868 1.11845 
1.69802 -0.184954 0.624914 
-0.184954 1.22058 0.375451 
0.624914 0.375451 1.15027 
1.72391 -0.187727 0.634463 
-0.187727 1.23919 0.381267 
0.634463 0.381267 1.1679 
1.7366 -0.189094 0.639139 
-0.189094 1.24832 0.384102 
0.639139 0.384102 1.17652 
1.73961 -0.189417 0.640246 
-0.189417 1.25048 0.384776 
0.640246 0.384776 1.17857 
1.73293 -0.18869 0.63778 
-0.18869 1.24568 0.383301 
0.63778 0.383301 1.17405 
1.71265 -0.186489 0.630282 
-0.186489 1.23111 0.378815 
0.630282 0.378815 1.1603 
1.66969 -0.181841 0.614328 
-0.181841 1.20024 0.369304 
0.614328 0.369304 1.13115 
1.58821 -0.173081 0.583816 
-0.173081 1.14173 0.351253 
0.583816 0.351253 1.0758 
1.4469 -0.158079 0.529992 
-0.158079 1.04034 0.319894 
0.529992 0.319894 0.979531 
1.23027 -0.135671 0.444675 
-0.135671 0.885196 0.271662 
0.444675 0.271662 0.83113 
0.955938 -0.108849 0.329288 
-0.108849 0.689497 0.210167 
0.329288 0.210167 0.641056 
0.69545 -0.0866791 0.20411 
-0.0866791 0.505294 0.150892 
0.20411 0.150892 0.456009 
0.534211 -0.0785612 0.100104 
-0.0785612 0.394029 0.1127 
0.100104 0.1127 0.333714 
0.492703 -0.0847582 0.0341153 
-0.0847582 0.369458 0.100649 
0.0341153 0.100649 0.290768 
0.522852 -0.0974769 0.000558547 
-0.0974769 0.395767 0.104791 
0.000558547 0.104791 0.298141 
0.570984 -0.109593 -0.0142617 
-0.109593 0.433746 0.113596 
-0.0142617 0.113596 0.32124 
0.610807 -0.118328 -0.020426 
-0.118328 0.464536 0.121225 
-0.020426 0.121225 0.342134 
0.636611 -0.12368 -0.0229723 
-0.12368 0.484344 0.126247 
-0.0229723 0.126247 0.356099 
0.650157 -0.126417 -0.0240022 
-0.126417 0.494729 0.128893 
-0.0240022 0.128893 0.363528 
0.653829 -0.127144 -0.024319 
-0.127144 0.49761 0.12958 
-0.024319 0.12958 0.365557 
0.648368 -0.126024 -0.0241981 
-0.126024 0.493665 0.128403 
-0.0241981 0.128403 0.362567 
0.63226 -0.122686 -0.0236953 
-0.122686 0.482024 0.124934 
-0.0236953 0.124934 0.353792 
0.60159 -0.116103 -0.0227926 
-0.116103 0.460502 0.118041 
-0.0227926 0.118041 0.337342 
0.550657 -0.104422 -0.0215707 
-0.104422 0.426964 0.105607 
-0.0215707 0.105607 0.310872 
0.47503 -0.0849175 -0.0205766 
-0.0849175 0.383517 0.084303 
-0.0205766 0.084303 0.274006 
0.378971 -0.0546545 -0.0214056 
-0.0546545 0.344484 0.0500136 
-0.0214056 0.0500136 0.233377 
0.283368 -0.0125901 -0.0267832 
-0.0125901 0.340785 0.000154916 
-0.0267832 0.000154916 0.206428 
0.218913 0.0374742 -0.0386813 
0.0374742 0.402154 -0.0620455 
-0.0386813 -0.0620455 0.212762 
0.200086 0.0868382 -0.0553979 
0.0868382 0.522303 -0.125969 
-0.0553979 -0.125969 0.253835 
0.213185 0.127041 -0.072181 
0.127041 0.658065 -0.179678 
-0.072181 -0.179678 0.309424 
0.235585 0.154816 -0.0852638 
0.154816 0.769659 -0.217557 
-0.0852638 -0.217557 0.358223 
0.254176 0.171716 -0.0937769 
0.171716 0.844173 -0.240892 
-0.0937769 -0.240892 0.391779 
0.265909 0.180989 -0.0986188 
0.180989 0.887104 -0.253785 
-0.0986188 -0.253785 0.411384 
0.271941 0.185459 -0.100994 
0.185459 0.908298 -0.26002 
-0.100994 -0.26002 0.421127 
0.273957 0.186928 -0.101777 
0.186928 0.915308 -0.26207 
-0.101777 -0.26207 0.424355 
0.272986 0.18629 -0.101422 
0.18629 0.912133 -0.261167 
-0.101422 -0.261167 0.422877 
0.269253 0.183751 -0.10003 
0.183751 0.899683 -0.257591 
-0.10003 -0.257591 0.417103 
0.262254 0.178982 -0.09741 
0.178982 0.876305 -0.250864 
-0.09741 -0.250864 0.406263 
0.250814 0.171192 -0.0931096 
0.171192 0.838102 -0.239839 
-0.0931096 -0.239839 0.388547 
0.233229 0.159233 -0.0864518 
0.159233 0.779397 -0.222815 
-0.0864518 -0.222815 0.36132 
0.207732 0.141932 -0.0766818 
0.141932 0.694327 -0.197944 
-0.0766818 -0.197944 0.321856 
0.173669 0.118906 -0.0633636 
0.118906 0.580785 -0.164291 
-0.0633636 -0.164291 0.269161 
0.133331 0.091819 -0.0470484 
0.091819 0.446557 -0.123566 
-0.0470484 -0.123566 0.20682 
0.0929561 0.0650285 -0.0297541 
0.0650285 0.312611 -0.0812543 
-0.0297541 -0.0812543 0.144528 
0.0603877 0.0438956 -0.0143674 
0.0438956 0.205165 -0.0448175 
-0.0143674 -0.0448175 0.094439 
0.0400568 0.0312968 -0.00297818 
0.0312968 0.13884 -0.0192067 
-0.00297818 -0.0192067 0.0633678 
0.0306652 0.0261101 0.00418581 
0.0261101 0.109001 -0.00432035 
0.00418581 -0.00432035 0.0492253 
0.0278838 0.0252023 0.00819629 
0.0252023 0.100956 0.0031216 
0.00819629 0.0031216 0.0452454 
0.0279135 0.0259284 0.0103068 
0.0259284 0.101945 0.00650011 
0.0103068 0.00650011 0.0455259 
0.0286906 0.0269181 0.0113989 
0.0269181 0.105121 0.00797398 
0.0113989 0.00797398 0.0468823 
0.029432 0.0277053 0.0119687 
0.0277053 0.107953 0.00862209 
0.0119687 0.00862209 0.0481243 
0.0299563 0.0282283 0.0122707 
0.0282283 0.109913 0.00891833 
0.0122707 0.00891833 0.0489913 
0.0302845 0.0285468 0.0124328 
0.0285468 0.111129 0.00906052 
0.0124328 0.00906052 0.0495311 
0.0304774 0.0287315 0.0125205 
0.0287315 0.111841 0.00913177 
0.0125205 0.00913177 0.0498476 
0.0305867 0.0288353 0.0125679 
0.0288353 0.112243 0.00916856 
0.0125679 0.00916856 0.0500266 
0.0306472 0.0288926 0.0125935 
0.0288926 0.112465 0.00918787 
0.0125935 0.00918787 0.0501256 
0.0306801 0.0289237 0.0126072 
0.0289237 0.112586 0.00919809 
0.0126072 0.00919809 0.0501795 
0.0306978 0.0289404 0.0126146 
0.0289404 0.112651 0.00920349 
0.0126146 0.00920349 0.0502085 
0.0307073 0.0289493 0.0126184 
0.0289493 0.112686 0.00920634 
0.0126184 0.00920634 0.0502239 
0.0307122 0.028954 0.0126205 
0.028954 0.112704 0.00920783 
0.0126205 0.00920783 0.050232 
0.0307148 0.0289564 0.0126216 
0.0289564 0.112713 0.00920861 
0.0126216 0.00920861 0.0502362 
0.0307161 0.0289577 0.0126221 
0.0289577 0.112718 0.00920901 
0.0126221 0.00920901 0.0502384 
0.0307168 0.0289583 0.0126224 
0.0289583 0.112721 0.00920922 
0.0126224 0.00920922 0.0502395 
0.0307172 0.0289587 0.0126225 
0.0289587 0.112722 0.00920932 
0.0126225 0.00920932 0.0502401 
