4  6
0.104921  0.193032  0.182121  0.150259  0.167733  0.201934  
5.75933  -0.365768  2.15919  3.46174  
20.6912  -0.260503  -0.0977396  -0.261718  
39.4326  -1.6296  -0.0276417  -2.39226  
56.0591  -0.244729  -0.416231  0.735555  
72.0545  -0.0603816  0.127621  -0.0473113  
90.1822  0.0322144  -0.0127734  0.00486199  
9.22942  1.08829  -4.05846  -6.55602  
1.08829  0.22373  -0.582722  -0.78312  
-4.05846  -0.582722  2.35289  2.7064  
-6.55602  -0.78312  2.7064  4.84447  
32.2523  -1.40377  0.543374  -0.496183  
-1.40377  0.917552  -0.3295  0.247686  
0.543374  -0.3295  0.624068  -0.220577  
-0.496183  0.247686  -0.220577  0.204393  
30.1962  2.07181  -7.14951  -0.674199  
2.07181  1.90379  -0.682353  0.602099  
-7.14951  -0.682353  2.95909  0.549282  
-0.674199  0.602099  0.549282  1.20855  
22.5192  0.241419  4.60367  1.53761  
0.241419  0.687043  -0.0838012  -0.0090481  
4.60367  -0.0838012  1.46196  0.450032  
1.53761  -0.0090481  0.450032  0.4876  
29.4205  0.760531  -0.0321396  1.64338  
0.760531  0.302777  0.192379  -0.0627131  
-0.0321396  0.192379  0.946042  -0.272674  
1.64338  -0.0627131  -0.272674  0.530376  
38.7886  0.0692613  0.593661  0.149826  
0.0692613  0.0308412  0.0300191  0.0128902  
0.593661  0.0300191  0.121809  0.0115025  
0.149826  0.0128902  0.0115025  0.0508194  
