4  10
0.0608882  0.161503  0.0465276  0.150708  0.0741893  0.127292  0.110039  0.0531379  0.160923  0.0547916  
5.3843  -3.9613  1.80988  -0.576112  
23.5626  -8.43496  4.03014  -1.14378  
40.7552  -8.65885  3.89766  -0.540356  
55.1508  -7.98536  4.35566  -0.466456  
73.5036  -8.50034  3.82061  -0.820179  
89.7272  -8.4407  3.62213  -1.36275  
108.678  -8.2898  3.62125  -1.2791  
121.801  -8.65678  3.57566  -2.63963  
140.859  -8.48032  3.63041  -1.18518  
149.394  -7.78678  4.9809  -0.422188  
7.95304  -7.55726  3.42507  -1.12577  
-7.55726  7.38758  -3.11007  1.27473  
3.42507  -3.11007  1.78829  -0.255478  
-1.12577  1.27473  -0.255478  0.527524  
66.769  1.4381  0.810328  3.27439  
1.4381  0.173874  0.157969  0.154841  
0.810328  0.157969  0.463077  0.244271  
3.27439  0.154841  0.244271  0.825158  
25.7459  0.359441  -4.04286  -0.203872  
0.359441  0.263096  -0.0722626  0.0136109  
-4.04286  -0.0722626  0.677117  0.0641413  
-0.203872  0.0136109  0.0641413  0.201354  
74.569  -0.764137  -1.55845  -0.44078  
-0.764137  0.23112  0.136641  0.325364  
-1.55845  0.136641  0.270969  0.241985  
-0.44078  0.325364  0.241985  1.13916  
24.7528  -1.06232  1.26104  -0.956996  
-1.06232  0.113647  0.043841  0.0614479  
1.26104  0.043841  0.614025  0.0422663  
-0.956996  0.0614479  0.0422663  0.217634  
47.5557  -0.539536  0.696343  3.76526  
-0.539536  0.12692  0.109502  0.110976  
0.696343  0.109502  0.297808  0.254242  
3.76526  0.110976  0.254242  0.624931  
39.4658  0.0230804  1.39974  2.29427  
0.0230804  0.0854424  0.0567881  0.0442718  
1.39974  0.0567881  0.291204  0.0751325  
2.29427  0.0442718  0.0751325  0.328877  
14.5025  -0.155398  -1.16366  -0.655477  
-0.155398  0.0361166  0.00369643  -0.0150249  
-1.16366  0.00369643  0.129963  0.0228811  
-0.655477  -0.0150249  0.0228811  0.356667  
111.339  1.61498  0.822229  1.51814  
1.61498  0.284247  0.261577  0.0553304  
0.822229  0.261577  0.434545  0.0285164  
1.51814  0.0553304  0.0285164  0.358697  
42.6428  -1.26448  -2.5421  -3.8151  
-1.26448  0.856556  0.830486  -0.34463  
-2.5421  0.830486  0.907551  -0.219116  
-3.8151  -0.34463  -0.219116  0.662658  
