4  8
0.0725649  0.214741  0.0391804  0.192908  0.0638758  0.136976  0.088705  0.19105  
6.5007  -3.78896  1.62392  -0.756339  
29.5003  0.181896  0.00180174  0.189518  
49.7996  -0.654277  0.359483  -0.103499  
68.1321  -0.118173  -0.119362  -0.289075  
88.9015  -0.110394  -0.0719153  0.325268  
104.603  0.179307  0.214316  0.165389  
122.968  0.0135352  -0.291207  0.064462  
144.906  0.0696822  0.0273072  -0.0446644  
13.1336  11.6789  -5.35482  1.22731  
11.6789  11.4966  -4.79418  1.62864  
-5.35482  -4.79418  2.83027  -0.131466  
1.22731  1.62864  -0.131466  0.992666  
111.692  0.928153  -1.89235  -1.01273  
0.928153  2.38011  -0.703995  0.121421  
-1.89235  -0.703995  0.824166  0.375939  
-1.01273  0.121421  0.375939  1.19106  
5.06732  0.69584  -2.27118  -3.85827  
0.69584  3.20706  -0.0280162  0.356198  
-2.27118  -0.0280162  1.98727  1.50882  
-3.85827  0.356198  1.50882  3.71851  
103.283  -2.67016  0.203578  -2.26072  
-2.67016  2.51322  -0.649904  0.308162  
0.203578  -0.649904  0.799337  0.256945  
-2.26072  0.308162  0.256945  0.821899  
24.5262  -4.15306  -2.92222  -5.67449  
-4.15306  1.66262  0.13869  0.855161  
-2.92222  0.13869  0.932098  0.860854  
-5.67449  0.855161  0.860854  1.81826  
60.294  -2.79661  1.40559  0.0658285  
-2.79661  2.73154  -0.653426  0.450481  
1.40559  -0.653426  0.412852  0.12855  
0.0658285  0.450481  0.12855  1.00319  
30.2225  0.893341  2.25755  6.47594  
0.893341  1.52973  0.619359  0.283268  
2.25755  0.619359  1.38468  1.03125  
6.47594  0.283268  1.03125  2.7961  
87.7923  -0.416323  -2.66581  -0.547353  
-0.416323  1.99301  -0.300986  -0.162382  
-2.66581  -0.300986  0.707127  0.321715  
-0.547353  -0.162382  0.321715  1.16909  
