3,3,160
0.18162 0.127358 0.180141 
0.127358 0.276585 0.201991 
0.180141 0.201991 0.325611 
0.184876 0.129596 0.183435 
0.129596 0.281282 0.205562 
0.183435 0.205562 0.330995 
0.185773 0.130214 0.18434 
0.130214 0.282583 0.206547 
0.18434 0.206547 0.33249 
0.184558 0.129377 0.183113 
0.129377 0.280821 0.205212 
0.183113 0.205212 0.330465 
0.180896 0.126861 0.179407 
0.126861 0.275546 0.201198 
0.179407 0.201198 0.324422 
0.173785 0.122001 0.172174 
0.122001 0.265457 0.193433 
0.172174 0.193433 0.312957 
0.161411 0.113638 0.159452 
0.113638 0.248451 0.180026 
0.159452 0.180026 0.293959 
0.141521 0.100521 0.138542 
0.100521 0.223012 0.158844 
0.138542 0.158844 0.266709 
0.114308 0.0836564 0.108391 
0.0836564 0.194537 0.131089 
0.108391 0.131089 0.240394 
0.0896777 0.0716781 0.0764221 
0.0716781 0.187967 0.109684 
0.0764221 0.109684 0.24986 
0.0866767 0.0789068 0.0601512 
0.0789068 0.237951 0.116905 
0.0601512 0.116905 0.339034 
0.106203 0.102946 0.0647797 
0.102946 0.328166 0.150327 
0.0647797 0.150327 0.478866 
0.126602 0.124269 0.0750163 
0.124269 0.400254 0.180954 
0.0750163 0.180954 0.586537 
0.137327 0.135014 0.0810614 
0.135014 0.435433 0.19653 
0.0810614 0.19653 0.63843 
0.141294 0.138936 0.0833718 
0.138936 0.448142 0.202233 
0.0833718 0.202233 0.657099 
0.142484 0.140108 0.0840715 
0.140108 0.451927 0.203938 
0.0840715 0.203938 0.662651 
0.142787 0.140405 0.0842497 
0.140405 0.452886 0.204371 
0.0842497 0.204371 0.664058 
0.142844 0.140462 0.0842834 
0.140462 0.453067 0.204452 
0.0842834 0.204452 0.664323 
0.142834 0.140452 0.0842776 
0.140452 0.453036 0.204439 
0.0842776 0.204439 0.664278 
0.142795 0.140413 0.0842544 
0.140413 0.452911 0.204382 
0.0842544 0.204382 0.664095 
0.142722 0.140342 0.0842113 
0.140342 0.45268 0.204278 
0.0842113 0.204278 0.663755 
0.142592 0.140214 0.0841348 
0.140214 0.452268 0.204092 
0.0841348 0.204092 0.663152 
0.142362 0.139988 0.0839993 
0.139988 0.451539 0.203763 
0.0839993 0.203763 0.662084 
0.141958 0.13959 0.0837608 
0.13959 0.450255 0.203184 
0.0837608 0.203184 0.660202 
0.141255 0.138895 0.0833448 
0.138895 0.448015 0.202173 
0.0833448 0.202173 0.656921 
0.140052 0.137702 0.0826312 
0.137702 0.444169 0.200439 
0.0826312 0.200439 0.651291 
0.138043 0.135696 0.0814334 
0.135696 0.437707 0.197526 
0.0814334 0.197526 0.641841 
0.134803 0.132417 0.0794817 
0.132417 0.427158 0.192773 
0.0794817 0.192773 0.626441 
0.129811 0.127253 0.0764226 
0.127253 0.410576 0.185311 
0.0764226 0.185311 0.602305 
0.122594 0.119497 0.0718658 
0.119497 0.385761 0.174161 
0.0718658 0.174161 0.566359 
0.113034 0.108545 0.0655146 
0.108545 0.350916 0.158548 
0.0655146 0.158548 0.516279 
0.101817 0.0942371 0.0573877 
0.0942371 0.30579 0.138415 
0.0573877 0.138415 0.452227 
0.0907458 0.0772357 0.0480421 
0.0772357 0.25286 0.11496 
0.0480421 0.11496 0.378565 
0.0824025 0.0591307 0.0385957 
0.0591307 0.197528 0.0907045 
0.0385957 0.0907045 0.303924 
0.0789983 0.0420141 0.0303963 
0.0420141 0.146504 0.0687221 
0.0303963 0.0687221 0.238445 
0.0810845 0.0276873 0.0244962 
0.0276873 0.105093 0.0513921 
0.0244962 0.0513921 0.189546 
0.0872378 0.0170718 0.0213332 
0.0170718 0.075378 0.0395976 
0.0213332 0.0395976 0.159432 
0.0949438 0.010194 0.0208311 
0.010194 0.0564657 0.0328886 
0.0208311 0.0328886 0.145973 
0.101832 0.00657975 0.0227512 
0.00657975 0.0460097 0.0302299 
0.0227512 0.0302299 0.145471 
0.106444 0.00567549 0.0270122 
0.00567549 0.0416605 0.0306875 
0.0270122 0.0306875 0.155067 
0.108418 0.00708897 0.0338539 
0.00708897 0.0417993 0.0337706 
0.0338539 0.0337706 0.173858 
0.10835 0.0106515 0.0438568 
0.0106515 0.0456718 0.0394821 
0.0438568 0.0394821 0.203003 
0.107582 0.0163671 0.0578409 
0.0163671 0.0532109 0.0482038 
0.0578409 0.0482038 0.245205 
0.107925 0.0242932 0.0766316 
0.0242932 0.0647144 0.0604683 
0.0766316 0.0604683 0.303707 
0.11124 0.0343748 0.100675 
0.0343748 0.0804269 0.0766274 
0.100675 0.0766274 0.38075 
0.118843 0.0462745 0.129581 
0.0462745 0.10009 0.0964701 
0.129581 0.0964701 0.475726 
0.130919 0.0592806 0.16183 
0.0592806 0.122632 0.118962 
0.16183 0.118962 0.583889 
0.146327 0.0723846 0.194929 
0.0723846 0.146214 0.142321 
0.194929 0.142321 0.696694 
0.163012 0.0845288 0.226069 
0.0845288 0.168703 0.16449 
0.226069 0.16449 0.804109 
0.178828 0.094902 0.252976 
0.094902 0.188322 0.183765 
0.252976 0.183765 0.897737 
0.192252 0.103115 0.274459 
0.103115 0.204089 0.199223 
0.274459 0.199223 0.972955 
0.202648 0.10919 0.290441 
0.10919 0.215872 0.210757 
0.290441 0.210757 1.02915 
0.210101 0.113417 0.301607 
0.113417 0.224128 0.218831 
0.301607 0.218831 1.06852 
0.215084 0.116191 0.308952 
0.116191 0.22957 0.224149 
0.308952 0.224149 1.09446 
0.218157 0.117882 0.313437 
0.117882 0.232896 0.227399 
0.313437 0.227399 1.11032 
0.219774 0.118766 0.315783 
0.118766 0.234639 0.2291 
0.315783 0.2291 1.11863 
0.22018 0.11899 0.316374 
0.11899 0.235082 0.229529 
0.316374 0.229529 1.12072 
0.219353 0.118546 0.315186 
0.118546 0.234218 0.228669 
0.315186 0.228669 1.11651 
0.216949 0.117255 0.311722 
0.117255 0.231713 0.226166 
0.311722 0.226166 1.10425 
0.212245 0.114739 0.30493 
0.114739 0.226893 0.221271 
0.30493 0.221271 1.08024 
0.20414 0.110439 0.293183 
0.110439 0.218863 0.212848 
0.293183 0.212848 1.03877 
0.191327 0.10374 0.274488 
0.10374 0.206937 0.199565 
0.274488 0.199565 0.972943 
0.172822 0.0943079 0.247178 
0.0943079 0.191617 0.180461 
0.247178 0.180461 0.87721 
0.148882 0.0826384 0.211173 
0.0826384 0.175948 0.15592 
0.211173 0.15592 0.751914 
0.121826 0.0704555 0.169211 
0.0704555 0.166078 0.128516 
0.169211 0.128516 0.60759 
0.0957552 0.0603443 0.126717 
0.0603443 0.169263 0.102643 
0.126717 0.102643 0.464109 
0.0747346 0.0544571 0.0895881 
0.0544571 0.189493 0.0825271 
0.0895881 0.0825271 0.342281 
0.0607603 0.0533017 0.0614171 
0.0533017 0.224444 0.0700608 
0.0614171 0.0700608 0.253813 
0.0532865 0.0557264 0.0425039 
0.0557264 0.266846 0.0643959 
0.0425039 0.0643959 0.198243 
0.0503283 0.0598917 0.0309691 
0.0598917 0.308589 0.0632141 
0.0309691 0.0632141 0.16754 
0.0497792 0.0641867 0.0243878 
0.0641867 0.343717 0.0641696 
0.0243878 0.0641696 0.152249 
0.0500699 0.0675667 0.0207619 
0.0675667 0.368976 0.0655719 
0.0207619 0.0655719 0.144887 
0.0502303 0.0694659 0.018767 
0.0694659 0.382916 0.0664165 
0.018767 0.0664165 0.140576 
0.0497259 0.0696021 0.0176604 
0.0696021 0.384837 0.0661897 
0.0176604 0.0661897 0.136469 
0.0483161 0.0678559 0.0171507 
0.0678559 0.3742 0.0647266 
0.0171507 0.0647266 0.131097 
0.0460388 0.0642994 0.017356 
0.0642994 0.350753 0.0622406 
0.017356 0.0622406 0.124101 
0.0433433 0.0593977 0.0188701 
0.0593977 0.315479 0.0595521 
0.0188701 0.0595521 0.116438 
0.0413084 0.0543242 0.0228497 
0.0543242 0.272227 0.0584104 
0.0228497 0.0584104 0.110867 
0.0416852 0.0511069 0.0308692 
0.0511069 0.229007 0.0615152 
0.0308692 0.0615152 0.112012 
0.0463319 0.0520853 0.0441967 
0.0520853 0.196671 0.0715919 
0.0441967 0.0715919 0.124798 
0.0559688 0.0585184 0.0625942 
0.0585184 0.183696 0.0894664 
0.0625942 0.0894664 0.151084 
0.0692409 0.0693967 0.0837036 
0.0693967 0.190573 0.112708 
0.0837036 0.112708 0.187152 
0.0833227 0.0819223 0.104044 
0.0819223 0.20991 0.136702 
0.104044 0.136702 0.225346 
0.0956158 0.0933044 0.120866 
0.0933044 0.232265 0.157345 
0.120866 0.157345 0.258652 
0.104865 0.102054 0.133135 
0.102054 0.251354 0.172753 
0.133135 0.172753 0.283695 
0.111066 0.10799 0.141215 
0.10799 0.265005 0.183035 
0.141215 0.183035 0.300479 
0.11482 0.111606 0.146057 
0.111606 0.273556 0.189243 
0.146057 0.189243 0.310638 
0.116804 0.113524 0.148601 
0.113524 0.278154 0.192518 
0.148601 0.192518 0.316005 
0.117525 0.11422 0.149523 
0.11422 0.279834 0.193704 
0.149523 0.193704 0.317954 
0.11726 0.11396 0.149183 
0.11396 0.279195 0.193257 
0.149183 0.193257 0.317235 
0.116069 0.112796 0.147655 
0.112796 0.276363 0.191264 
0.147655 0.191264 0.314005 
0.11382 0.110597 0.144761 
0.110597 0.271027 0.187484 
0.144761 0.187484 0.307903 
0.110223 0.107069 0.140105 
0.107069 0.262509 0.181378 
0.140105 0.181378 0.298129 
0.104883 0.101803 0.133125 
0.101803 0.249904 0.17216 
0.133125 0.17216 0.283582 
0.0974325 0.094388 0.123224 
0.094388 0.232409 0.158937 
0.123224 0.158937 0.263196 
0.0877858 0.0846444 0.110055 
0.0846444 0.20996 0.141036 
0.110055 0.141036 0.236613 
0.0765147 0.0729669 0.093957 
0.0729669 0.184144 0.118527 
0.093957 0.118527 0.205167 
0.0651293 0.0606168 0.0763485 
0.0606168 0.158849 0.0927786 
0.0763485 0.0927786 0.172674 
0.0558599 0.049588 0.059645 
0.049588 0.139628 0.0665217 
0.059645 0.0665217 0.144936 
0.050716 0.041821 0.0463734 
0.041821 0.131284 0.0430017 
0.0463734 0.0430017 0.127376 
0.0503708 0.0381988 0.0379458 
0.0381988 0.135098 0.0245703 
0.0379458 0.0245703 0.122115 
0.0538674 0.0381911 0.0341163 
0.0381911 0.148226 0.0118233 
0.0341163 0.0118233 0.127091 
0.0593786 0.0404156 0.033516 
0.0404156 0.165765 0.00388603 
0.033516 0.00388603 0.137878 
0.0652187 0.0434796 0.0345977 
0.0434796 0.183353 -0.000683502 
0.0345977 -0.000683502 0.150239 
0.0703561 0.0464544 0.0362282 
0.0464544 0.19843 -0.00318451 
0.0362282 -0.00318451 0.16148 
0.0743867 0.0489043 0.0377883 
0.0489043 0.210094 -0.00451799 
0.0377883 -0.00451799 0.170451 
0.0772835 0.0507125 0.0390229 
0.0507125 0.21841 -0.00522138 
0.0390229 -0.00522138 0.176958 
0.0791585 0.0519003 0.039861 
0.0519003 0.223765 -0.00558626 
0.039861 -0.00558626 0.181189 
0.0801 0.0525003 0.0402835 
0.0525003 0.226444 -0.00575897 
0.0402835 -0.00575897 0.183311 
0.0800621 0.0524707 0.0402352 
0.0524707 0.226327 -0.00580281 
0.0402352 -0.00580281 0.183204 
0.0787721 0.0516258 0.0395583 
0.0516258 0.222636 -0.00573076 
0.0395583 -0.00573076 0.180258 
0.0756641 0.049582 0.0379389 
0.049582 0.213732 -0.00552627 
0.0379389 -0.00552627 0.173274 
0.0699483 0.0457766 0.0349048 
0.0457766 0.197256 -0.00517904 
0.0349048 -0.00517904 0.160822 
0.0610542 0.0397007 0.0299751 
0.0397007 0.17128 -0.00477113 
0.0299751 -0.00477113 0.142709 
0.0495477 0.0314341 0.0230471 
0.0314341 0.136788 -0.00460089 
0.0230471 -0.00460089 0.122568 
0.0377556 0.0221225 0.0148118 
0.0221225 0.099621 -0.0051679 
0.0148118 -0.0051679 0.10873 
0.0286945 0.013602 0.00663196 
0.013602 0.0680898 -0.0068105 
0.00663196 -0.0068105 0.109162 
0.0238555 0.00723971 -0.000232347 
0.00723971 0.047217 -0.00929597 
-0.000232347 -0.00929597 0.124152 
0.0225491 0.00331278 -0.00523294 
0.00331278 0.0364186 -0.0119447 
-0.00523294 -0.0119447 0.146385 
0.0232178 0.00142807 -0.00844806 
0.00142807 0.0323127 -0.0141123 
-0.00844806 -0.0141123 0.167485 
0.0247004 0.00116901 -0.0101873 
0.00116901 0.0319117 -0.015441 
-0.0101873 -0.015441 0.182363 
0.0265826 0.00243717 -0.0107162 
0.00243717 0.0337351 -0.0157951 
-0.0107162 -0.0157951 0.189211 
0.0291362 0.00559401 -0.0101557 
0.00559401 0.0377617 -0.0151148 
-0.0101557 -0.0151148 0.188102 
0.0333448 0.0116117 -0.00847057 
0.0116117 0.0453644 -0.0133292 
-0.00847057 -0.0133292 0.180309 
0.0411283 0.0222735 -0.00550271 
0.0222735 0.0595473 -0.010361 
-0.00550271 -0.010361 0.168784 
0.0554718 0.0401611 -0.00107098 
0.0401611 0.0850225 -0.00622792 
-0.00107098 -0.00622792 0.159305 
0.0795781 0.0676959 0.00481275 
0.0676959 0.126714 -0.00121374 
0.00481275 -0.00121374 0.160404 
0.114124 0.104619 0.0116525 
0.104619 0.185282 0.00402873 
0.0116525 0.00402873 0.179093 
0.154249 0.145611 0.0183966 
0.145611 0.252412 0.00866066 
0.0183966 0.00866066 0.213587 
0.191024 0.182125 0.0238917 
0.182125 0.313416 0.0120797 
0.0238917 0.0120797 0.252307 
0.217526 0.207999 0.0275302 
0.207999 0.357123 0.014168 
0.0275302 0.014168 0.283108 
0.232431 0.222414 0.0293995 
0.222414 0.381543 0.0151581 
0.0293995 0.0151581 0.301197 
0.238248 0.228009 0.0299266 
0.228009 0.390867 0.0153597 
0.0299266 0.0153597 0.308159 
0.238208 0.227957 0.0295105 
0.227957 0.390368 0.0149927 
0.0295105 0.0149927 0.307505 
0.234737 0.224601 0.0283766 
0.224601 0.383943 0.0141475 
0.0283766 0.0141475 0.302088 
0.229342 0.219381 0.0265823 
0.219381 0.373921 0.0128051 
0.0265823 0.0128051 0.29364 
0.222951 0.213176 0.0240703 
0.213176 0.361644 0.0108707 
0.0240703 0.0108707 0.283126 
0.216244 0.206628 0.0207211 
0.206628 0.348013 0.00820551 
0.0207211 0.00820551 0.271154 
0.209833 0.200312 0.016396 
0.200312 0.333805 0.00465708 
0.016396 0.00465708 0.258232 
0.204317 0.19479 0.0109752 
0.19479 0.3198 9.02358e-05 
0.0109752 9.02358e-05 0.244877 
0.200255 0.19059 0.00439073 
0.19059 0.306767 -0.00558188 
0.00439073 -0.00558188 0.23163 
0.198096 0.188141 -0.00334659 
0.188141 0.295399 -0.0123711 
-0.00334659 -0.0123711 0.219013 
0.198119 0.187711 -0.0121323 
0.187711 0.286223 -0.0201976 
-0.0121323 -0.0201976 0.207476 
0.200384 0.18937 -0.0217681 
0.18937 0.279539 -0.0288875 
-0.0217681 -0.0288875 0.19735 
0.20473 0.192977 -0.0319761 
0.192977 0.275396 -0.0381858 
-0.0319761 -0.0381858 0.188818 
0.210806 0.198216 -0.0424252 
0.198216 0.27361 -0.0477807 
-0.0424252 -0.0477807 0.181919 
0.218122 0.204641 -0.0527608 
0.204641 0.273815 -0.0573334 
-0.0527608 -0.0573334 0.176569 
0.226121 0.211737 -0.0626347 
0.211737 0.275533 -0.0665072 
-0.0626347 -0.0665072 0.172595 
0.234231 0.21898 -0.0717273 
0.21898 0.278238 -0.0749903 
-0.0717273 -0.0749903 0.169776 
0.241917 0.225874 -0.0797625 
0.225874 0.281413 -0.0825116 
-0.0797625 -0.0825116 0.167871 
0.248716 0.23199 -0.0865146 
0.23199 0.284593 -0.0888479 
-0.0865146 -0.0888479 0.166652 
0.254245 0.236974 -0.0918089 
0.236974 0.287386 -0.0938256 
-0.0918089 -0.0938256 0.16592 
0.258217 0.24056 -0.0955188 
0.24056 0.28949 -0.0973183 
-0.0955188 -0.0973183 0.165518 
0.260437 0.242565 -0.0975613 
0.242565 0.290698 -0.0992427 
-0.0975613 -0.0992427 0.165334 
0.260799 0.242893 -0.0978927 
0.242893 0.290898 -0.0995551 
-0.0978927 -0.0995551 0.165306 
0.259287 0.241526 -0.096506 
0.241526 0.29007 -0.0982483 
-0.096506 -0.0982483 0.165426 
0.255972 0.238533 -0.0934306 
0.238533 0.288291 -0.0953519 
-0.0934306 -0.0953519 0.165734 
0.251013 0.23406 -0.088734 
0.23406 0.285732 -0.0909336 
-0.0887339 -0.0909336 0.166322 
0.244664 0.228343 -0.0825253 
0.228343 0.28266 -0.0851026 
-0.0825253 -0.0851026 0.167332 
0.237268 0.221701 -0.0749604 
0.221701 0.279432 -0.078014 
-0.0749603 -0.078014 0.168947 
