3,3,160
0.959102 -0.0318064 0.457497 
-0.0318064 0.554812 0.315796 
0.457497 0.315796 0.75352 
0.974246 -0.0314424 0.466144 
-0.0314424 0.564397 0.321383 
0.466144 0.321383 0.766387 
0.981158 -0.0313168 0.470024 
-0.0313168 0.568733 0.323904 
0.470024 0.323904 0.772214 
0.980692 -0.0313245 0.469764 
-0.0313245 0.568442 0.323735 
0.469764 0.323735 0.771823 
0.972791 -0.031472 0.465322 
-0.031472 0.563481 0.32085 
0.465322 0.32085 0.765157 
0.956483 -0.0318825 0.45598 
-0.0318825 0.553142 0.314821 
0.45598 0.314821 0.75128 
0.929993 -0.0328954 0.440236 
-0.0328954 0.536018 0.304788 
0.440236 0.304788 0.728352 
0.891329 -0.0353431 0.415663 
-0.0353431 0.510101 0.289473 
0.415663 0.289473 0.693803 
0.840505 -0.0412154 0.378999 
-0.0412154 0.473507 0.267503 
0.378999 0.267503 0.645418 
0.785843 -0.0550584 0.327196 
-0.0550584 0.426985 0.238657 
0.327196 0.238657 0.584957 
0.756816 -0.0861038 0.260748 
-0.0861038 0.379725 0.206923 
0.260748 0.206923 0.526341 
0.815602 -0.148577 0.189325 
-0.148577 0.356121 0.184345 
0.189325 0.184345 0.504814 
1.03118 -0.252691 0.132801 
-0.252691 0.388525 0.188142 
0.132801 0.188142 0.565696 
1.39354 -0.38566 0.106877 
-0.38566 0.48301 0.223652 
0.106877 0.223652 0.715068 
1.78014 -0.510843 0.10663 
-0.510843 0.599691 0.273094 
0.10663 0.273094 0.893091 
2.07022 -0.599304 0.115437 
-0.599304 0.692452 0.313984 
0.115437 0.313984 1.03279 
2.23781 -0.648979 0.122871 
-0.648979 0.747399 0.338595 
0.122871 0.338595 1.1151 
2.31841 -0.672569 0.126945 
-0.672569 0.774115 0.350643 
0.126945 0.350643 1.15502 
2.35248 -0.682486 0.128755 
-0.682486 0.785459 0.355772 
0.128755 0.355772 1.17196 
2.36553 -0.686276 0.129462 
-0.686276 0.789812 0.357743 
0.129462 0.357743 1.17845 
2.37011 -0.687606 0.129712 
-0.687606 0.791341 0.358435 
0.129712 0.358435 1.18073 
2.37157 -0.688028 0.129791 
-0.688028 0.791827 0.358655 
0.129791 0.358655 1.18146 
2.37194 -0.688137 0.129812 
-0.688137 0.791952 0.358712 
0.129812 0.358712 1.18165 
2.37195 -0.688138 0.129812 
-0.688138 0.791953 0.358712 
0.129812 0.358712 1.18165 
2.37179 -0.688094 0.129804 
-0.688094 0.791903 0.358689 
0.129804 0.358689 1.18157 
2.37153 -0.688017 0.129789 
-0.688017 0.791814 0.35865 
0.129789 0.35865 1.18144 
2.37114 -0.687903 0.129768 
-0.687903 0.791683 0.35859 
0.129768 0.35859 1.18124 
2.37056 -0.687736 0.129736 
-0.687736 0.791491 0.358503 
0.129736 0.358503 1.18096 
2.36973 -0.687494 0.129691 
-0.687494 0.791212 0.358377 
0.129691 0.358377 1.18054 
2.36852 -0.687143 0.129624 
-0.687143 0.790808 0.358194 
0.129624 0.358194 1.17994 
2.36676 -0.686634 0.129528 
-0.686634 0.790222 0.357928 
0.129528 0.357928 1.17906 
2.36423 -0.685898 0.12939 
-0.685898 0.789376 0.357545 
0.12939 0.357545 1.1778 
2.36056 -0.684835 0.12919 
-0.684835 0.788152 0.35699 
0.12919 0.35699 1.17597 
2.35528 -0.683302 0.128901 
-0.683302 0.786389 0.356191 
0.128901 0.356191 1.17334 
2.34769 -0.681099 0.128488 
-0.681099 0.783853 0.355041 
0.128488 0.355041 1.16955 
2.3368 -0.677939 0.127895 
-0.677939 0.780219 0.353392 
0.127895 0.353392 1.16412 
2.32127 -0.673428 0.127052 
-0.673428 0.775031 0.351035 
0.127052 0.351035 1.15635 
2.29922 -0.667023 0.12586 
-0.667023 0.767666 0.347687 
0.12586 0.347687 1.14531 
2.26814 -0.657989 0.124189 
-0.657989 0.757284 0.342959 
0.124189 0.342959 1.12971 
2.22454 -0.645306 0.121864 
-0.645306 0.742718 0.336308 
0.121864 0.336308 1.10775 
2.16273 -0.627307 0.118604 
-0.627307 0.722065 0.326847 
0.118604 0.326847 1.0765 
2.06994 -0.600237 0.113774 
-0.600237 0.691047 0.312582 
0.113774 0.312582 1.02935 
1.91324 -0.554166 0.105853 
-0.554166 0.638641 0.288265 
0.105853 0.288265 0.949379 
1.63449 -0.468297 0.0940609 
-0.468297 0.545203 0.242788 
0.0940609 0.242788 0.804937 
1.25212 -0.324957 0.0931459 
-0.324957 0.415553 0.165662 
0.0931459 0.165662 0.591007 
1.03241 -0.152768 0.146712 
-0.152768 0.33581 0.0691184 
0.146712 0.0691184 0.410335 
1.16549 -0.0130317 0.261438 
-0.0130317 0.369811 -0.0144967 
0.261438 -0.0144967 0.361707 
1.44406 0.0709042 0.375917 
0.0709042 0.453186 -0.068185 
0.375917 -0.0681851 0.394419 
1.64127 0.110135 0.444955 
0.110135 0.513368 -0.0945902 
0.444955 -0.0945903 0.429781 
1.68438 0.117021 0.45948 
0.117021 0.526544 -0.0997942 
0.45948 -0.0997943 0.436235 
1.56829 0.0942077 0.420372 
0.0942077 0.490865 -0.0856633 
0.420372 -0.0856634 0.408105 
1.32764 0.0338689 0.332105 
0.0338689 0.417554 -0.0493875 
0.332105 -0.0493876 0.354744 
1.11159 -0.0777537 0.22322 
-0.0777537 0.354235 0.012038 
0.22322 0.0120379 0.317829 
1.18456 -0.237542 0.158406 
-0.237542 0.384159 0.0902191 
0.158406 0.0902191 0.366546 
1.5567 -0.396798 0.165245 
-0.396798 0.508399 0.160398 
0.165246 0.160398 0.494049 
1.91374 -0.503651 0.195529 
-0.503651 0.625595 0.204632 
0.195529 0.204632 0.60747 
2.12002 -0.559282 0.216222 
-0.559282 0.693031 0.227079 
0.216222 0.227079 0.67158 
2.22857 -0.587891 0.227469 
-0.587891 0.728488 0.238545 
0.227469 0.238545 0.70512 
2.29329 -0.604902 0.234187 
-0.604902 0.749625 0.245367 
0.234187 0.245367 0.725156 
2.33691 -0.616377 0.238699 
-0.616377 0.763876 0.24998 
0.238699 0.24998 0.738729 
2.36782 -0.624513 0.241885 
-0.624513 0.773974 0.253259 
0.241885 0.253259 0.748388 
2.38992 -0.630334 0.244157 
-0.630334 0.781196 0.25561 
0.244157 0.25561 0.755318 
2.40569 -0.634489 0.245775 
-0.634489 0.78635 0.25729 
0.245775 0.25729 0.760274 
2.4169 -0.637444 0.246924 
-0.637444 0.790015 0.258486 
0.246924 0.258486 0.763804 
2.42484 -0.639538 0.247737 
-0.639538 0.79261 0.259333 
0.247737 0.259333 0.766306 
2.43043 -0.64101 0.248309 
-0.64101 0.794435 0.25993 
0.248309 0.25993 0.768068 
2.43429 -0.642029 0.248704 
-0.642029 0.795699 0.260343 
0.248704 0.260343 0.769288 
2.43682 -0.642698 0.248963 
-0.642698 0.796527 0.260614 
0.248963 0.260614 0.770088 
2.43818 -0.643055 0.249102 
-0.643055 0.79697 0.260758 
0.249102 0.260758 0.770516 
2.43822 -0.643064 0.249105 
-0.643064 0.796981 0.260762 
0.249105 0.260762 0.770527 
2.43634 -0.642569 0.248914 
-0.642569 0.796368 0.260562 
0.248914 0.260562 0.769934 
2.43123 -0.641223 0.248391 
-0.641223 0.7947 0.260016 
0.248391 0.260016 0.768321 
2.42037 -0.63836 0.247278 
-0.63836 0.791153 0.258855 
0.247278 0.258855 0.764891 
2.39931 -0.632811 0.245116 
-0.632811 0.784285 0.256607 
0.245116 0.256607 0.758247 
2.36086 -0.622689 0.241148 
-0.622689 0.771767 0.252511 
0.241148 0.252511 0.746134 
2.29442 -0.605232 0.234234 
-0.605232 0.75022 0.245457 
0.234234 0.245457 0.725266 
2.18659 -0.576982 0.22284 
-0.576982 0.715471 0.234076 
0.22284 0.234076 0.691563 
2.0245 -0.534741 0.205273 
-0.534741 0.663822 0.217146 
0.205273 0.217146 0.641342 
1.80328 -0.477603 0.180286 
-0.477603 0.594674 0.194447 
0.180286 0.194447 0.573809 
1.53547 -0.409459 0.148008 
-0.409459 0.513648 0.167785 
0.148008 0.167785 0.494075 
1.25446 -0.339725 0.110638 
-0.339725 0.433259 0.141215 
0.110638 0.141215 0.413904 
1.00363 -0.280104 0.0721031 
-0.280104 0.368355 0.119579 
0.0721031 0.119579 0.347527 
0.815562 -0.238748 0.0365905 
-0.238748 0.328424 0.10601 
0.0365905 0.10601 0.304403 
0.69829 -0.216726 0.00700431 
-0.216726 0.313318 0.100521 
0.00700431 0.100521 0.28504 
0.638755 -0.209363 -0.0155611 
-0.209363 0.315511 0.100726 
-0.0155611 0.100726 0.282947 
0.615665 -0.210058 -0.0313358 
-0.210058 0.325415 0.103547 
-0.0313358 0.103547 0.289547 
0.60999 -0.213189 -0.0410755 
-0.213189 0.335145 0.10644 
-0.0410755 0.10644 0.29779 
0.609111 -0.215114 -0.0454518 
-0.215114 0.339608 0.107754 
-0.0454518 0.107754 0.303323 
0.606958 -0.21404 -0.0447144 
-0.21404 0.33607 0.106604 
-0.0447144 0.106604 0.304287 
0.603275 -0.209711 -0.0385249 
-0.209711 0.323532 0.102667 
-0.0385249 0.102667 0.300957 
0.603621 -0.203359 -0.0258754 
-0.203359 0.302536 0.096125 
-0.0258754 0.096125 0.2958 
0.620143 -0.197971 -0.00511976 
-0.197971 0.275499 0.0877668 
-0.00511976 0.0877668 0.293936 
0.671633 -0.198453 0.0257231 
-0.198453 0.2472 0.0791394 
0.0257231 0.0791394 0.303374 
0.779965 -0.210931 0.0681547 
-0.210931 0.224551 0.0724645 
0.0681547 0.0724645 0.333762 
0.960536 -0.240419 0.121849 
-0.240419 0.214672 0.0700068 
0.121849 0.0700068 0.392571 
1.20972 -0.287493 0.183441 
-0.287493 0.221462 0.0729656 
0.183441 0.0729656 0.479782 
1.49963 -0.34654 0.246715 
-0.34654 0.243043 0.0806613 
0.246715 0.0806613 0.585333 
1.78837 -0.407904 0.304716 
-0.407904 0.272714 0.0908679 
0.304716 0.0908679 0.692906 
2.03921 -0.462574 0.352442 
-0.462574 0.302831 0.101084 
0.352442 0.101084 0.787665 
2.23352 -0.505567 0.38815 
-0.505567 0.328218 0.109638 
0.38815 0.109638 0.861687 
2.37061 -0.536175 0.412802 
-0.536175 0.34701 0.115946 
0.412802 0.115946 0.914175 
2.46004 -0.556249 0.428675 
-0.556249 0.35961 0.120168 
0.428675 0.120168 0.948518 
2.51392 -0.568379 0.438166 
-0.568379 0.367321 0.122749 
0.438166 0.122749 0.969247 
2.54241 -0.5748 0.443163 
-0.5748 0.371434 0.124125 
0.443163 0.124125 0.980219 
2.55196 -0.576943 0.444836 
-0.576943 0.372826 0.124592 
0.444836 0.124592 0.983909 
2.545 -0.575329 0.443618 
-0.575329 0.371847 0.124271 
0.443618 0.124271 0.981258 
2.51993 -0.569543 0.439226 
-0.569543 0.368314 0.123109 
0.439226 0.123109 0.971701 
2.47116 -0.558172 0.43066 
-0.558172 0.361575 0.120912 
0.43066 0.120912 0.95322 
2.38937 -0.538714 0.416217 
-0.538714 0.350704 0.117432 
0.416217 0.117432 0.922582 
2.26283 -0.507569 0.393676 
-0.507569 0.335054 0.112603 
0.393676 0.112603 0.876155 
2.08152 -0.460387 0.36089 
-0.460387 0.315479 0.107041 
0.36089 0.107041 0.812002 
1.84492 -0.393138 0.31702 
-0.393138 0.296275 0.102799 
0.31702 0.102799 0.733559 
1.57156 -0.304057 0.264162 
-0.304057 0.2868 0.103948 
0.264162 0.103948 0.653506 
1.30213 -0.195857 0.208166 
-0.195857 0.300237 0.115918 
0.208166 0.115918 0.593549 
1.08661 -0.0765788 0.157121 
-0.0765788 0.34753 0.142882 
0.157121 0.142882 0.575991 
0.959211 0.042354 0.117688 
0.042354 0.429558 0.184553 
0.117688 0.184553 0.610597 
0.921509 0.150105 0.0921336 
0.150105 0.534855 0.235441 
0.0921336 0.235441 0.688247 
0.948141 0.239721 0.0784457 
0.239721 0.645554 0.287572 
0.0784457 0.287572 0.787384 
1.00574 0.308884 0.0726712 
0.308884 0.745775 0.334082 
0.0726712 0.334082 0.885992 
1.06759 0.358606 0.0710844 
0.358606 0.82602 0.371006 
0.0710844 0.371006 0.969128 
1.11787 0.391374 0.0710799 
0.391374 0.88277 0.397003 
0.0710799 0.397003 1.02969 
1.14922 0.40975 0.071114 
0.40975 0.915997 0.412222 
0.071114 0.412222 1.06575 
1.15908 0.415621 0.0703226 
0.415621 0.926846 0.417276 
0.0703226 0.417276 1.07762 
1.14694 0.409917 0.0681627 
0.409917 0.91626 0.412655 
0.0681627 0.412655 1.06601 
1.11321 0.392592 0.0641676 
0.392592 0.884557 0.398554 
0.0641676 0.398554 1.03144 
1.05964 0.362788 0.0578025 
0.362788 0.831828 0.375072 
0.0578025 0.375072 0.974664 
0.991125 0.319232 0.048403 
0.319232 0.759175 0.342787 
0.048403 0.342787 0.898275 
0.918568 0.260971 0.0352109 
0.260971 0.67078 0.303698 
0.0352109 0.303698 0.809211 
0.861475 0.188516 0.017558 
0.188516 0.576161 0.262243 
0.017558 0.262243 0.721307 
0.846582 0.105078 -0.00475508 
0.105078 0.490722 0.225506 
-0.00475508 0.225506 0.655194 
0.89862 0.0170413 -0.0309701 
0.0170413 0.431925 0.201409 
-0.0309701 0.201409 0.632236 
1.02502 -0.0672767 -0.059108 
-0.0672767 0.411039 0.194904 
-0.059108 0.194904 0.663136 
1.2066 -0.140381 -0.0863571 
-0.140381 0.426251 0.204852 
-0.0863571 0.204852 0.739665 
1.40583 -0.198081 -0.110081 
-0.198081 0.464128 0.224806 
-0.110081 0.224806 0.83869 
1.58675 -0.240046 -0.128765 
-0.240046 0.508349 0.24712 
-0.128765 0.24712 0.9356 
1.72936 -0.268579 -0.142245 
-0.268579 0.547486 0.266534 
-0.142245 0.266534 1.01503 
1.83045 -0.28696 -0.151295 
-0.28696 0.576964 0.281037 
-0.151295 0.281037 1.07257 
1.89664 -0.298299 -0.15703 
-0.298299 0.596925 0.290814 
-0.15703 0.290814 1.11072 
1.93749 -0.305047 -0.160501 
-0.305047 0.609475 0.296947 
-0.160501 0.296947 1.13442 
1.96156 -0.308941 -0.162523 
-0.308941 0.616951 0.300596 
-0.162523 0.300596 1.14845 
1.97524 -0.311126 -0.163666 
-0.311126 0.621224 0.302679 
-0.163666 0.302679 1.15643 
1.98278 -0.312323 -0.164293 
-0.312323 0.623586 0.303831 
-0.164293 0.303831 1.16084 
1.98682 -0.312962 -0.164628 
-0.312962 0.624854 0.304449 
-0.164628 0.304449 1.1632 
1.98893 -0.313295 -0.164803 
-0.313295 0.625518 0.304772 
-0.164803 0.304772 1.16444 
1.99001 -0.313465 -0.164893 
-0.313465 0.625857 0.304937 
-0.164893 0.304937 1.16507 
1.99055 -0.31355 -0.164937 
-0.31355 0.626026 0.305019 
-0.164937 0.305019 1.16539 
1.99081 -0.313591 -0.164959 
-0.313591 0.626108 0.30506 
-0.164959 0.30506 1.16554 
1.99093 -0.313611 -0.164969 
-0.313611 0.626147 0.305079 
-0.164969 0.305079 1.16561 
1.99099 -0.31362 -0.164974 
-0.31362 0.626166 0.305088 
-0.164974 0.305088 1.16565 
1.99102 -0.313624 -0.164976 
-0.313624 0.626174 0.305092 
-0.164976 0.305092 1.16566 
1.99103 -0.313626 -0.164977 
-0.313626 0.626177 0.305093 
-0.164977 0.305093 1.16567 
1.99104 -0.313627 -0.164978 
-0.313627 0.626179 0.305094 
-0.164978 0.305094 1.16567 
1.99104 -0.313627 -0.164978 
-0.313627 0.62618 0.305095 
-0.164978 0.305095 1.16567 
1.99104 -0.313627 -0.164978 
-0.313627 0.62618 0.305095 
-0.164978 0.305095 1.16567 
1.99104 -0.313627 -0.164978 
-0.313627 0.62618 0.305095 
-0.164978 0.305095 1.16567 
1.99104 -0.313627 -0.164978 
-0.313627 0.62618 0.305095 
-0.164978 0.305095 1.16567 
1.99104 -0.313627 -0.164978 
-0.313627 0.62618 0.305095 
-0.164978 0.305095 1.16567 
1.99104 -0.313627 -0.164978 
-0.313627 0.62618 0.305095 
-0.164978 0.305095 1.16567 
1.99104 -0.313627 -0.164978 
-0.313627 0.62618 0.305095 
-0.164978 0.305095 1.16567 
1.99104 -0.313627 -0.164978 
-0.313627 0.62618 0.305095 
-0.164978 0.305095 1.16567 
