3,3,150
4.35355 -1.29922 0.0518017 
-1.29922 0.489822 -0.0229676 
0.0518016 -0.0229676 0.0948612 
4.35115 -1.2985 0.0517732 
-1.2985 0.489553 -0.022955 
0.0517731 -0.0229549 0.094809 
4.34541 -1.29679 0.051705 
-1.29679 0.488907 -0.0229247 
0.0517049 -0.0229246 0.094684 
4.33126 -1.29257 0.0515372 
-1.29257 0.487315 -0.02285 
0.0515371 -0.0228499 0.0943763 
4.29541 -1.28187 0.0511144 
-1.28187 0.483285 -0.0226606 
0.0511143 -0.0226605 0.0935991 
4.20304 -1.25431 0.0500403 
-1.25431 0.472914 -0.0221715 
0.0500402 -0.0221715 0.0916124 
3.96731 -1.18399 0.0474044 
-1.18399 0.446539 -0.0209158 
0.0474043 -0.0209157 0.0866519 
3.41262 -1.01867 0.0419055 
-1.01867 0.385083 -0.0179106 
0.0419055 -0.0179105 0.0757117 
2.40412 -0.718815 0.0357716 
-0.718815 0.276699 -0.0121702 
0.0357715 -0.0121701 0.0598427 
1.41619 -0.42764 0.043276 
-0.42764 0.182234 -0.00557923 
0.043276 -0.00557921 0.0583626 
1.19699 -0.367922 0.070723 
-0.367922 0.183613 -0.00227083 
0.070723 -0.00227082 0.0848693 
1.39539 -0.431353 0.0953649 
-0.431353 0.225241 -0.00172214 
0.0953649 -0.00172214 0.112384 
1.54134 -0.476803 0.107085 
-0.476803 0.250312 -0.00177736 
0.107085 -0.00177736 0.125955 
1.59861 -0.49455 0.111236 
-0.49455 0.259762 -0.00183101 
0.111236 -0.00183101 0.130814 
1.61649 -0.500085 0.112496 
-0.500085 0.262681 -0.00185039 
0.112496 -0.00185039 0.132294 
1.61834 -0.50066 0.112625 
-0.50066 0.262985 -0.00185185 
0.112625 -0.00185185 0.132447 
1.59911 -0.49476 0.111256 
-0.49476 0.259923 -0.00180798 
0.111256 -0.00180798 0.130872 
1.50315 -0.466367 0.103787 
-0.466367 0.245984 -0.00113104 
0.103787 -0.00113104 0.123007 
1.21125 -0.395573 0.0715773 
-0.395573 0.223468 0.00773954 
0.0715773 0.00773954 0.0989525 
0.885123 -0.419772 -0.0274052 
-0.419772 0.330254 0.0628537 
-0.0274052 0.0628537 0.0711988 
1.02746 -0.72917 -0.17942 
-0.72917 0.692355 0.178856 
-0.17942 0.178856 0.0806057 
1.32644 -1.02379 -0.282392 
-1.02379 0.999221 0.267194 
-0.282392 0.267194 0.103429 
1.39797 -1.08788 -0.304953 
-1.08788 1.0648 0.286338 
-0.304953 0.286338 0.109206 
1.20387 -0.919458 -0.259858 
-0.919458 0.896242 0.242454 
-0.259858 0.242454 0.0953124 
0.846167 -0.573264 -0.1676 
-0.573264 0.542238 0.151534 
-0.1676 0.151534 0.0718277 
0.677963 -0.288067 -0.098672 
-0.288067 0.228645 0.0769824 
-0.098672 0.0769824 0.068847 
0.82701 -0.236579 -0.0964695 
-0.236579 0.140915 0.0641089 
-0.0964695 0.0641089 0.0915552 
0.966621 -0.260682 -0.109459 
-0.260682 0.145673 0.0708219 
-0.109459 0.0708219 0.108055 
1.01234 -0.272026 -0.114431 
-0.272026 0.151378 0.0739159 
-0.114431 0.0739159 0.113231 
1.01764 -0.273408 -0.11502 
-0.273408 0.152123 0.0742917 
-0.11502 0.0742917 0.113825 
1.00546 -0.270125 -0.113632 
-0.270125 0.150304 0.0733984 
-0.113632 0.0733984 0.112456 
0.970206 -0.260593 -0.109574 
-0.260593 0.145063 0.0708012 
-0.109574 0.0708012 0.108467 
0.887701 -0.238039 -0.0997806 
-0.238039 0.132909 0.0646259 
-0.0997806 0.0646259 0.0989436 
0.733015 -0.194353 -0.0797282 
-0.194353 0.110765 0.0524992 
-0.0797282 0.0524992 0.0800248 
0.565498 -0.140924 -0.0506211 
-0.140924 0.089602 0.036967 
-0.0506211 0.036967 0.0548846 
0.572301 -0.123335 -0.0279371 
-0.123335 0.0995605 0.0298492 
-0.0279371 0.0298492 0.0408844 
0.76681 -0.152228 -0.0216983 
-0.152228 0.139397 0.0348858 
-0.0216983 0.0348858 0.0448772 
0.952958 -0.186063 -0.0231981 
-0.186063 0.174673 0.0421313 
-0.0231981 0.0421313 0.0534001 
1.05433 -0.205349 -0.0250547 
-0.205349 0.193486 0.0464146 
-0.0250547 0.0464146 0.0586959 
1.09766 -0.213714 -0.0259955 
-0.213714 0.201471 0.0482932 
-0.0259955 0.0482932 0.0610521 
1.113 -0.216692 -0.0263469 
-0.216692 0.204293 0.0489643 
-0.0263469 0.0489643 0.0618979 
1.11319 -0.216734 -0.0263555 
-0.216734 0.204334 0.0489738 
-0.0263555 0.0489738 0.0619112 
1.09577 -0.213405 -0.0260025 
-0.213405 0.20119 0.0482253 
-0.0260025 0.0482253 0.060981 
1.03956 -0.203048 -0.0252232 
-0.203048 0.191373 0.0459188 
-0.0252232 0.0459188 0.058214 
0.902622 -0.180939 -0.0262686 
-0.180939 0.170121 0.0411862 
-0.0262686 0.0411862 0.0533886 
0.688831 -0.164706 -0.045114 
-0.164706 0.152535 0.038984 
-0.045114 0.038984 0.0570583 
0.599711 -0.226852 -0.117844 
-0.226852 0.203973 0.0576099 
-0.117844 0.0576099 0.100809 
0.77487 -0.378677 -0.232772 
-0.378677 0.336472 0.0986782 
-0.232772 0.0986782 0.182638 
0.990061 -0.507668 -0.319692 
-0.507668 0.450071 0.132751 
-0.319692 0.132751 0.247819 
1.09621 -0.565213 -0.356486 
-0.565213 0.500545 0.147628 
-0.356486 0.147628 0.275929 
1.10883 -0.570088 -0.357948 
-0.570088 0.503747 0.148227 
-0.357948 0.148227 0.277119 
1.06418 -0.541137 -0.334846 
-0.541137 0.475131 0.138801 
-0.334846 0.138801 0.259572 
0.99481 -0.489022 -0.288727 
-0.489022 0.420879 0.120109 
-0.288727 0.120109 0.224807 
0.972297 -0.434844 -0.220019 
-0.434844 0.35177 0.092709 
-0.220019 0.092709 0.174051 
1.1529 -0.432323 -0.140763 
-0.432323 0.301992 0.0622426 
-0.140763 0.0622426 0.118146 
1.68301 -0.54288 -0.0782489 
-0.54288 0.318911 0.0403512 
-0.0782489 0.0403512 0.0790093 
2.43886 -0.742619 -0.0498314 
-0.742619 0.401226 0.0332413 
-0.0498314 0.0332413 0.0678064 
3.09111 -0.928567 -0.0449046 
-0.928567 0.491035 0.034885 
-0.0449046 0.034885 0.0725325 
3.48001 -1.04278 -0.0467798 
-1.04278 0.549197 0.0377757 
-0.0467798 0.0377757 0.0788857 
3.65482 -1.09472 -0.0484984 
-1.09472 0.57618 0.0394228 
-0.0484984 0.0394228 0.0823849 
3.70093 -1.10846 -0.0490199 
-1.10846 0.583366 0.0398858 
-0.0490199 0.0398858 0.0833598 
3.65507 -1.0947 -0.0483979 
-1.0947 0.576147 0.0393953 
-0.0483979 0.0393953 0.0823283 
3.49282 -1.04599 -0.0462264 
-1.04599 0.550688 0.0376937 
-0.0462264 0.0376937 0.0787285 
3.13392 -0.93791 -0.0413612 
-0.93791 0.49472 0.0340707 
-0.0413612 0.0340707 0.0709316 
2.49631 -0.744436 -0.0324396 
-0.744436 0.396776 0.0282386 
-0.0324396 0.0282386 0.0577864 
1.66521 -0.48773 -0.0199479 
-0.48773 0.273724 0.0225099 
-0.0199479 0.0225099 0.0428433 
0.979092 -0.266489 -0.00785542 
-0.266489 0.181661 0.0216455 
-0.00785542 0.0216455 0.0350276 
0.670147 -0.154078 3.18827e-05 
-0.154078 0.153271 0.0265593 
3.18824e-05 0.0265593 0.0377109 
0.624025 -0.123488 0.0038464 
-0.123488 0.163138 0.0330188 
0.0038464 0.0330188 0.0448087 
0.658388 -0.12297 0.00545578 
-0.12297 0.179598 0.0378717 
0.00545578 0.0378717 0.0508255 
0.694218 -0.127685 0.00613012 
-0.127685 0.191391 0.0407523 
0.00613012 0.0407523 0.05455 
0.716891 -0.131357 0.00642548 
-0.131357 0.19815 0.0422898 
0.00642548 0.0422898 0.0565733 
0.728587 -0.133373 0.00655449 
-0.133373 0.201513 0.0430325 
0.00655449 0.0430325 0.057558 
0.730537 -0.133698 0.00657723 
-0.133698 0.202089 0.0431626 
0.00657723 0.0431626 0.0577311 
0.714016 -0.130682 0.00640884 
-0.130682 0.197569 0.0422126 
0.00640884 0.0422126 0.0564836 
0.645931 -0.118459 0.00549321 
-0.118459 0.179328 0.038507 
0.00549321 0.038507 0.0518652 
0.476664 -0.0896975 0.00116015 
-0.0896975 0.137991 0.0314399 
0.00116015 0.0314399 0.0455478 
0.27965 -0.063587 -0.0132256 
-0.063587 0.108134 0.0329757 
-0.0132256 0.0329757 0.0616778 
0.230396 -0.0719913 -0.0357622 
-0.0719913 0.137685 0.05315 
-0.0357622 0.05315 0.11332 
0.268675 -0.0925028 -0.0525497 
-0.0925028 0.181757 0.0733132 
-0.0525497 0.0733132 0.15941 
0.299928 -0.104754 -0.0605533 
-0.104754 0.206594 0.0838166 
-0.0605533 0.0838166 0.182707 
0.312664 -0.109419 -0.0633898 
-0.109419 0.215878 0.087651 
-0.0633898 0.087651 0.191141 
0.311564 -0.108927 -0.0629558 
-0.108927 0.214638 0.0871051 
-0.0629558 0.0871051 0.190021 
0.297345 -0.102628 -0.0577122 
-0.102628 0.199587 0.0804972 
-0.0577122 0.0804972 0.17614 
0.304784 -0.0943793 -0.0398798 
-0.0943793 0.161866 0.0611075 
-0.0398798 0.0611075 0.138165 
0.587895 -0.13516 0.00663666 
-0.13516 0.127063 0.025088 
0.00663666 0.025088 0.0827809 
1.41524 -0.291097 0.0770564 
-0.291097 0.170533 -0.00742624 
0.0770564 -0.00742624 0.0649815 
2.16204 -0.439768 0.126517 
-0.439768 0.241023 -0.0211151 
0.126517 -0.0211151 0.079925 
2.47311 -0.502637 0.145438 
-0.502637 0.27411 -0.0249501 
0.145438 -0.0249501 0.089846 
2.55774 -0.519812 0.150463 
-0.519812 0.283386 -0.0258564 
0.150463 -0.0258564 0.0928171 
2.56143 -0.52056 0.150683 
-0.52056 0.283791 -0.0258959 
0.150683 -0.0258959 0.0929479 
2.51299 -0.510705 0.147833 
-0.510705 0.278434 -0.0253999 
0.147833 -0.0253999 0.091212 
2.36843 -0.481249 0.139332 
-0.481249 0.262499 -0.0238892 
0.139332 -0.0238892 0.0861385 
2.01205 -0.408283 0.11839 
-0.408282 0.2236 -0.0199366 
0.11839 -0.0199366 0.0744319 
1.35563 -0.271914 0.0798955 
-0.271914 0.154076 -0.0113831 
0.0798955 -0.0113831 0.0573278 
0.707276 -0.130796 0.0421384 
-0.130796 0.0923541 0.00122127 
0.0421384 0.00122127 0.054995 
0.502706 -0.0757231 0.0306579 
-0.0757231 0.0842821 0.0120206 
0.0306579 0.0120206 0.0781603 
0.545106 -0.0749447 0.0335377 
-0.0749447 0.0991368 0.017669 
0.0335377 0.017669 0.100989 
0.592001 -0.0803627 0.0364652 
-0.0803627 0.108778 0.0198549 
0.0364652 0.0198549 0.11201 
0.611223 -0.082863 0.0376536 
-0.082863 0.112428 0.0205701 
0.0376536 0.0205701 0.115894 
0.615443 -0.0834246 0.0379123 
-0.0834246 0.113216 0.0207189 
0.0379123 0.0207189 0.116718 
0.609502 -0.0826191 0.0375299 
-0.0826191 0.112124 0.0205191 
0.0375299 0.0205191 0.115585 
0.58646 -0.0795038 0.0359551 
-0.0795038 0.107889 0.0197396 
0.0359551 0.0197396 0.111145 
0.52711 -0.0715278 0.0309856 
-0.0715278 0.0970011 0.0177089 
0.0309856 0.0177089 0.0992961 
0.431764 -0.0590539 0.0165327 
-0.0590539 0.0796563 0.0142862 
0.0165327 0.0142862 0.0773363 
0.433376 -0.061019 -0.0166513 
-0.061019 0.0807097 0.0135147 
-0.0166513 0.0135147 0.0626004 
0.66476 -0.0955258 -0.0622833 
-0.0955258 0.124637 0.0198189 
-0.0622833 0.0198189 0.0794189 
0.928005 -0.133847 -0.0963483 
-0.133847 0.174207 0.0274339 
-0.0963483 0.0274339 0.10662 
1.07292 -0.154818 -0.112718 
-0.154818 0.20144 0.031685 
-0.112718 0.031685 0.122671 
1.13061 -0.163151 -0.118942 
-0.163151 0.212276 0.0333846 
-0.118942 0.0333846 0.129193 
1.1467 -0.165478 -0.120653 
-0.165478 0.215301 0.0338582 
-0.120653 0.0338582 0.131021 
1.13597 -0.163968 -0.119507 
-0.163968 0.21333 0.033531 
-0.119507 0.033531 0.129773 
1.083 -0.15671 -0.113727 
-0.15671 0.203816 0.0318596 
-0.113727 0.0318596 0.123506 
0.945966 -0.14035 -0.0974779 
-0.14035 0.181904 0.0268649 
-0.0974779 0.0268649 0.105948 
0.759818 -0.135029 -0.0663521 
-0.135029 0.171032 0.0153862 
-0.0663521 0.0153862 0.072694 
0.857291 -0.220324 -0.0384535 
-0.220323 0.268951 -0.00151633 
-0.0384535 -0.00151633 0.0442028 
1.33104 -0.388902 -0.0346209 
-0.388902 0.469917 -0.0153579 
-0.0346209 -0.0153579 0.0425786 
1.72617 -0.512842 -0.0403482 
-0.512842 0.618907 -0.0222757 
-0.0403482 -0.0222757 0.0504925 
1.90508 -0.567031 -0.0439775 
-0.567031 0.68421 -0.0248707 
-0.0439775 -0.0248707 0.0551523 
1.95681 -0.582542 -0.0451094 
-0.582542 0.702915 -0.0255749 
-0.0451094 -0.0255749 0.0565886 
1.93299 -0.575454 -0.0445545 
-0.575454 0.694356 -0.0252406 
-0.0445545 -0.0252406 0.0559202 
1.8137 -0.53987 -0.0418126 
-0.53987 0.651369 -0.023479 
-0.0418126 -0.023479 0.0526802 
1.51569 -0.45066 -0.0350022 
-0.45066 0.543383 -0.0181847 
-0.0350022 -0.0181847 0.0455147 
1.00977 -0.297494 -0.0236435 
-0.297494 0.3568 -0.00432456 
-0.0236435 -0.00432456 0.0384042 
0.607513 -0.170391 -0.0152433 
-0.170391 0.198333 0.0218327 
-0.0152433 0.0218327 0.0484551 
0.577464 -0.151833 -0.01569 
-0.151833 0.16927 0.0495568 
-0.01569 0.0495568 0.075941 
0.6745 -0.174506 -0.0186633 
-0.174506 0.192313 0.0659652 
-0.0186633 0.0659652 0.0970856 
0.731998 -0.189023 -0.0202969 
-0.189023 0.208027 0.0726066 
-0.0202969 0.0726066 0.106418 
0.7517 -0.194074 -0.0208492 
-0.194074 0.213558 0.0746667 
-0.0208492 0.0746667 0.109392 
0.75109 -0.193915 -0.0208501 
-0.193915 0.213399 0.0746313 
-0.0208501 0.0746313 0.109331 
0.729378 -0.188328 -0.0204189 
-0.188328 0.207435 0.0726261 
-0.0204189 0.0726261 0.106344 
0.664775 -0.171811 -0.0201468 
-0.171811 0.190904 0.0675487 
-0.0201468 0.0675487 0.0984673 
0.531744 -0.138621 -0.0272483 
-0.138621 0.166051 0.0638508 
-0.0272483 0.0638508 0.0899399 
0.412003 -0.112813 -0.0716558 
-0.112813 0.189262 0.0940528 
-0.0716558 0.0940528 0.120431 
0.49078 -0.143847 -0.173805 
-0.143847 0.331503 0.190049 
-0.173805 0.190049 0.232257 
0.675749 -0.201709 -0.273403 
-0.201709 0.497322 0.291747 
-0.273403 0.291747 0.35402 
0.796029 -0.238175 -0.327327 
-0.238175 0.592149 0.348316 
-0.327327 0.348316 0.422314 
0.84726 -0.253574 -0.349046 
-0.253574 0.631041 0.371308 
-0.349046 0.371308 0.450148 
0.864038 -0.258604 -0.356032 
-0.258604 0.643626 0.378726 
-0.356032 0.378726 0.459136 
0.859329 -0.25721 -0.35401 
-0.25721 0.640007 0.376565 
-0.35401 0.376565 0.456518 
0.81634 -0.244625 -0.334493 
-0.244625 0.605562 0.355649 
-0.334493 0.355649 0.431209 
0.717132 -0.218846 -0.268537 
-0.218846 0.497971 0.283324 
-0.268537 0.283324 0.344198 
0.870953 -0.292651 -0.154018 
-0.292651 0.37354 0.146153 
-0.154018 0.146153 0.182651 
1.81092 -0.643188 -0.0979374 
-0.643188 0.478011 0.0482298 
-0.0979374 0.0482298 0.0757709 
2.7874 -0.99652 -0.109026 
-0.99652 0.67971 0.0262548 
-0.109026 0.0262548 0.0595728 
3.26534 -1.16811 -0.12309 
-1.16811 0.790037 0.0254329 
-0.12309 0.0254329 0.063457 
3.44535 -1.23258 -0.129353 
-1.23258 0.832886 0.0262337 
-0.129353 0.0262337 0.0662401 
3.51054 -1.25592 -0.131734 
-1.25592 0.848557 0.0266533 
-0.131734 0.0266533 0.0674023 
3.53507 -1.26469 -0.132644 
-1.26469 0.854471 0.0268281 
-0.132644 0.0268281 0.0678596 
3.54487 -1.2682 -0.133011 
-1.2682 0.85684 0.0269006 
-0.133011 0.0269006 0.0680455 
