4  13
0.0581894  0.0935235  0.0732496  0.0978166  0.0657481  0.0688735  0.0776251  0.0670439  0.101723  0.0600289  0.0583431  0.0791728  0.0986627  
4.92244  -3.7618  1.44077  -0.718781  
16.3093  -8.78259  3.17916  -1.18199  
28.6651  -8.63118  3.52081  -1.75263  
41.5783  -8.75154  2.83694  -1.49718  
53.8519  -9.01753  3.3234  -1.48719  
63.9373  -8.83897  3.44201  -2.03918  
75.015  -8.60246  2.89215  -1.20916  
85.6599  -8.75157  3.06924  -1.76375  
98.448  -8.70196  2.88235  -1.45706  
110.641  -9.12535  3.25517  -1.33426  
119.495  -8.71487  3.30812  -2.04198  
129.939  -8.48851  2.95712  -1.12573  
142.869  -8.73821  3.43866  -1.88833  
6.74961  -6.99133  2.61332  -1.29997  
-6.99133  7.51469  -2.76034  1.30323  
2.61332  -2.76034  1.02569  -0.495725  
-1.29997  1.30323  -0.495725  0.285659  
18.139  -0.381733  0.763267  1.01413  
-0.381733  0.241112  -0.0963293  0.00401674  
0.763267  -0.0963293  0.118156  -0.0068472  
1.01413  0.00401674  -0.0068472  0.134475  
12.0695  1.57488  -0.138725  -0.932484  
1.57488  0.289656  -0.0348817  -0.181761  
-0.138725  -0.0348817  0.107768  0.0419409  
-0.932484  -0.181761  0.0419409  0.144812  
18.8242  1.64971  -1.05651  1.66452  
1.64971  0.292625  -0.132211  0.15138  
-1.05651  -0.132211  0.182174  -0.0914766  
1.66452  0.15138  -0.0914766  0.283595  
9.06917  0.769078  0.463361  -0.985426  
0.769078  0.188548  0.0614045  -0.138919  
0.463361  0.0614045  0.266274  0.053784  
-0.985426  -0.138919  0.053784  0.463157  
9.71958  -1.55131  -0.147017  0.63683  
-1.55131  0.337294  0.0197852  -0.0810202  
-0.147017  0.0197852  0.0704697  0.00642242  
0.63683  -0.0810202  0.00642242  0.131776  
13.1108  -0.847616  0.793706  0.93433  
-0.847616  0.236369  -0.117947  -0.0187173  
0.793706  -0.117947  0.133925  -0.0168791  
0.93433  -0.0187173  -0.0168791  0.18187  
9.81935  1.33912  -0.257258  -1.07613  
1.33912  0.230331  -0.0362188  -0.189563  
-0.257258  -0.0362188  0.0339015  0.0114661  
-1.07613  -0.189563  0.0114661  0.230811  
19.7957  1.76295  -0.735038  2.113  
1.76295  0.316605  -0.0722823  0.181924  
-0.735038  -0.0722823  0.157621  -0.128357  
2.113  0.181924  -0.128357  0.301922  
7.94543  0.85516  -0.0312319  -0.877278  
0.85516  0.196403  -0.00223324  -0.0777539  
-0.0312319  -0.00223324  0.172341  -0.0258795  
-0.877278  -0.0777539  -0.0258795  0.30767  
8.52639  -1.24007  0.59683  0.333476  
-1.24007  0.302228  -0.0528431  -0.0447859  
0.59683  -0.0528431  0.100935  -0.0037668  
0.333476  -0.0447859  -0.0037668  0.0718077  
16.8114  0.297102  1.37041  1.88178  
0.297102  0.30667  -0.115139  -0.0251639  
1.37041  -0.115139  0.260531  0.122458  
1.88178  -0.0251639  0.122458  0.34786  
21.1735  1.0186  -0.315883  -1.53457  
1.0186  0.270744  -0.0773235  -0.201354  
-0.315883  -0.0773235  0.0525205  0.0908219  
-1.53457  -0.201354  0.0908219  0.355246  
