3,3,150
0.270396 -0.0529236 -0.0428782 
-0.0529236 0.0137353 0.00752422 
-0.0428782 0.00752422 0.0349527 
0.269468 -0.0527426 -0.0427298 
-0.0527426 0.0136896 0.00749729 
-0.0427298 0.00749729 0.0348337 
0.267756 -0.0524093 -0.0424551 
-0.0524093 0.0136065 0.00744676 
-0.0424551 0.00744676 0.0346148 
0.264502 -0.0517778 -0.0419294 
-0.0517778 0.0134527 0.0073475 
-0.0419294 0.0073475 0.0342016 
0.258067 -0.050537 -0.0408754 
-0.050537 0.0131659 0.00713825 
-0.0408754 0.00713825 0.0333955 
0.244986 -0.0480505 -0.0386684 
-0.0480505 0.0126594 0.00665502 
-0.0386684 0.00665502 0.031806 
0.218977 -0.0432795 -0.033969 
-0.0432795 0.0120228 0.00541452 
-0.033969 0.00541452 0.0288836 
0.17491 -0.0360302 -0.0245062 
-0.0360302 0.0127307 0.00196424 
-0.0245062 0.00196424 0.0250793 
0.131232 -0.0322463 -0.00900912 
-0.0322463 0.0207167 -0.00695379 
-0.00900912 -0.00695379 0.0259863 
0.136965 -0.0432279 0.00781607 
-0.0432279 0.0421227 -0.022732 
0.00781607 -0.022732 0.0402865 
0.182473 -0.0621977 0.0186996 
-0.0621977 0.0659845 -0.0377321 
0.0186996 -0.0377321 0.0600077 
0.215252 -0.0740624 0.0233029 
-0.0740624 0.0793191 -0.0456283 
0.0233029 -0.0456283 0.0717386 
0.228053 -0.0785309 0.0248036 
-0.0785309 0.0841731 -0.0484451 
0.0248036 -0.0484451 0.0760929 
0.231786 -0.0798208 0.0252178 
-0.0798208 0.0855606 -0.0492454 
0.0252178 -0.0492454 0.0773446 
0.232605 -0.0801032 0.0253074 
-0.0801032 0.0858636 -0.0494199 
0.0253074 -0.0494199 0.0776183 
0.232443 -0.0800473 0.0252897 
-0.0800473 0.0858038 -0.0493854 
0.0252897 -0.0493854 0.0775642 
0.231462 -0.0797096 0.0251823 
-0.0797096 0.0854427 -0.0491766 
0.0251823 -0.0491766 0.0772376 
0.228793 -0.0787893 0.0248867 
-0.0787893 0.0844627 -0.0486057 
0.0248867 -0.0486057 0.07635 
0.222131 -0.0764894 0.0241285 
-0.0764894 0.0820401 -0.0471667 
0.0241285 -0.0471667 0.0741487 
0.206827 -0.0711838 0.0222646 
-0.0711838 0.0766061 -0.043774 
0.0222646 -0.043774 0.06917 
0.176396 -0.0605278 0.0179531 
-0.0605278 0.0664581 -0.0365991 
0.0179531 -0.0365991 0.0596611 
0.129959 -0.043857 0.0090459 
-0.043857 0.053498 -0.0239994 
0.0090459 -0.0239994 0.0466534 
0.0847073 -0.0265224 -0.00581418 
-0.0265224 0.0475719 -0.00733847 
-0.00581418 -0.00733847 0.0379657 
0.0632898 -0.0163955 -0.0237569 
-0.0163955 0.0566004 0.00828348 
-0.0237569 0.00828348 0.0408942 
0.0637619 -0.0138638 -0.0389949 
-0.0138638 0.0733587 0.0190255 
-0.0389949 0.0190255 0.0509186 
0.0707376 -0.0144081 -0.0487793 
-0.0144081 0.0873701 0.0250203 
-0.0487793 0.0250203 0.0600506 
0.0762437 -0.0152783 -0.0540018 
-0.0152783 0.0957179 0.0279791 
-0.0540018 0.0279791 0.0656458 
0.0790621 -0.0157836 -0.0563329 
-0.0157836 0.0996219 0.029252 
-0.0563329 0.029252 0.0682922 
0.0796418 -0.0158868 -0.056807 
-0.0158868 0.100429 0.0295145 
-0.056807 0.0295145 0.0688469 
0.0780989 -0.0155832 -0.0556427 
-0.0155832 0.0984568 0.028917 
-0.0556427 0.028917 0.0675323 
0.0738414 -0.0147647 -0.0522631 
-0.0147647 0.092893 0.0271767 
-0.0522631 0.0271767 0.0638805 
0.0660878 -0.0133449 -0.0453373 
-0.0133449 0.0823134 0.0236383 
-0.0453373 0.0236383 0.0572823 
0.0566071 -0.0119072 -0.033585 
-0.0119072 0.0674895 0.0177469 
-0.033585 0.0177469 0.0494615 
0.0546985 -0.012778 -0.0184479 
-0.012778 0.0571672 0.0104764 
-0.0184479 0.0104764 0.0488517 
0.0716683 -0.0184406 -0.00547686 
-0.0184406 0.0641614 0.00482018 
-0.00547686 0.00482018 0.0654196 
0.100778 -0.0267698 0.00153546 
-0.0267698 0.0849144 0.00237735 
0.00153546 0.00237735 0.0926887 
0.124791 -0.0333567 0.00419329 
-0.0333567 0.103831 0.00185189 
0.00419329 0.00185189 0.114948 
0.138156 -0.0369673 0.00506264 
-0.0369673 0.114709 0.00185001 
0.00506264 0.00185001 0.12729 
0.144182 -0.0385858 0.00535022 
-0.0385858 0.119674 0.00189889 
0.00535022 0.00189889 0.132847 
0.146609 -0.0392363 0.00544998 
-0.0392363 0.121684 0.00192624 
0.00544998 0.00192624 0.135084 
0.147507 -0.0394765 0.00548464 
-0.0394765 0.122428 0.00193741 
0.00548464 0.00193741 0.135911 
0.147748 -0.0395412 0.00549379 
-0.0395412 0.122628 0.00194052 
0.00549379 0.00194052 0.136134 
0.147533 -0.0394835 0.00548567 
-0.0394835 0.12245 0.00193792 
0.00548567 0.00193792 0.135936 
0.146457 -0.039194 0.00544408 
-0.039194 0.12156 0.00192645 
0.00544408 0.00192645 0.134951 
0.143009 -0.0382563 0.00529969 
-0.0382563 0.118736 0.00190884 
0.00529969 0.00190884 0.131839 
0.133498 -0.0355809 0.00480451 
-0.0355809 0.111174 0.00202599 
0.00480451 0.00202599 0.123649 
0.112557 -0.0290873 0.00305883 
-0.0290873 0.0960554 0.00340478 
0.00305883 0.00340478 0.108265 
0.0830145 -0.0170977 -0.00248028 
-0.0170977 0.0819254 0.0106113 
-0.00248028 0.0106113 0.0990069 
0.0673199 -0.00234605 -0.0145385 
-0.00234605 0.0957461 0.0300296 
-0.0145385 0.0300296 0.13096 
0.077284 0.00930234 -0.0297357 
0.00930234 0.140439 0.0567849 
-0.0297357 0.0567849 0.20311 
0.0953287 0.0159263 -0.0415202 
0.0159263 0.184557 0.0783236 
-0.0415202 0.0783236 0.270117 
0.108249 0.0191268 -0.0482807 
0.0191268 0.212222 0.0908771 
-0.0482807 0.0908771 0.311311 
0.115097 0.0205652 -0.0515832 
0.0205652 0.226229 0.0970508 
-0.0515832 0.0970508 0.332009 
0.117784 0.0210974 -0.0528428 
0.0210974 0.231641 0.0994127 
-0.0528428 0.0994127 0.339986 
0.116935 0.020953 -0.0524597 
0.020953 0.229975 0.0987041 
-0.0524597 0.0987041 0.337547 
0.110731 0.0198043 -0.0495554 
0.0198043 0.21756 0.0933514 
-0.0495554 0.0933514 0.319307 
0.0946888 0.016653 -0.0415049 
0.016653 0.184494 0.078974 
-0.0415049 0.078974 0.270632 
0.068444 0.0105116 -0.0253001 
0.0105116 0.125004 0.0524769 
-0.0253001 0.0524769 0.182578 
0.0519796 0.0032517 -0.00463729 
0.0032517 0.0690285 0.0255645 
-0.00463728 0.0255645 0.098212 
0.0609568 -0.00125243 0.0101687 
-0.00125243 0.0532144 0.0146808 
0.0101687 0.0146808 0.0718695 
0.0759557 -0.00292317 0.0168687 
-0.00292317 0.0588479 0.0141781 
0.0168687 0.0141781 0.0779056 
0.0842159 -0.00343085 0.0192874 
-0.00343085 0.0642092 0.0151471 
0.0192874 0.0151471 0.0847567 
0.0871856 -0.00357493 0.0200363 
-0.00357493 0.0663506 0.0156124 
0.0200363 0.0156124 0.0875539 
0.0874463 -0.00359231 0.0201038 
-0.00359231 0.0665316 0.015644 
0.0201038 0.015644 0.0877897 
0.0857036 -0.00354433 0.0197039 
-0.00354433 0.0651837 0.0152897 
0.0197039 0.0152897 0.0860115 
0.0811002 -0.00348477 0.0186455 
-0.00348477 0.0615668 0.0142342 
0.0186455 0.0142342 0.0812433 
0.0721197 -0.00380334 0.0165802 
-0.00380334 0.0541271 0.0113971 
0.0165802 0.0113971 0.0714494 
0.0614752 -0.00645398 0.0141299 
-0.00645398 0.0433013 0.00396536 
0.0141299 0.00396536 0.0572675 
0.0658611 -0.0161787 0.015129 
-0.0161787 0.0382079 -0.0123351 
0.015129 -0.0123351 0.0508648 
0.0993376 -0.0340183 0.0228096 
-0.0340183 0.0491352 -0.035818 
0.0228096 -0.035818 0.0658322 
0.139606 -0.0507562 0.032053 
-0.0507562 0.0664494 -0.0556143 
0.0320531 -0.0556143 0.0891811 
0.164422 -0.0602702 0.0377502 
-0.0602702 0.0778269 -0.0663804 
0.0377503 -0.0663804 0.104477 
0.175259 -0.0643083 0.0402382 
-0.0643083 0.0828981 -0.0708732 
0.0402382 -0.0708732 0.111288 
0.1791 -0.0657257 0.0411201 
-0.0657257 0.0847081 -0.0724408 
0.0411201 -0.0724408 0.113718 
0.179782 -0.0659767 0.0412762 
-0.0659767 0.0850298 -0.0727182 
0.0412762 -0.0727182 0.114151 
0.178156 -0.0653789 0.0408991 
-0.0653789 0.084261 -0.0720604 
0.0408991 -0.0720604 0.113124 
0.172628 -0.0633416 0.0396011 
-0.0633416 0.0816491 -0.0698233 
0.0396011 -0.0698233 0.109659 
0.158575 -0.0581232 0.0361737 
-0.0581232 0.0750199 -0.0641296 
0.0361737 -0.0641296 0.101045 
0.129174 -0.0469834 0.028274 
-0.0469834 0.0612127 -0.0521824 
0.028274 -0.0521825 0.0841431 
0.0855827 -0.0295709 0.0136189 
-0.0295709 0.040993 -0.0343284 
0.013619 -0.0343284 0.0636035 
0.0495844 -0.0129929 -0.00570167 
-0.0129929 0.0249129 -0.0192394 
-0.00570167 -0.0192394 0.0577306 
0.0378235 -0.00434842 -0.0226137 
-0.00434842 0.0205661 -0.0138032 
-0.0226137 -0.0138032 0.0720955 
0.0396331 -0.00172106 -0.0330044 
-0.00172106 0.0223466 -0.0140186 
-0.0330044 -0.0140186 0.0898445 
0.0429714 -0.00117872 -0.0380381 
-0.00117872 0.0244229 -0.0150914 
-0.0380381 -0.0150914 0.100872 
0.0447113 -0.00109455 -0.0400006 
-0.00109455 0.0254521 -0.0156812 
-0.0400006 -0.0156812 0.105598 
0.0449181 -0.00107594 -0.0402237 
-0.00107594 0.0255891 -0.0157479 
-0.0402237 -0.0157479 0.106116 
0.0437616 -0.00104737 -0.039033 
-0.00104737 0.0249806 -0.0153342 
-0.039033 -0.0153342 0.103033 
0.0411005 -0.000998448 -0.0359534 
-0.000998448 0.0236661 -0.0143702 
-0.0359534 -0.0143702 0.0952126 
0.0375393 -0.000975521 -0.029952 
-0.000975521 0.0224473 -0.0129973 
-0.029952 -0.0129973 0.0806138 
0.0381934 -0.00120847 -0.0206951 
-0.00120847 0.0256563 -0.0127909 
-0.0206951 -0.0127909 0.0605083 
0.0552685 -0.00216204 -0.0112338 
-0.00216204 0.0425186 -0.0176811 
-0.0112338 -0.0176811 0.0463966 
0.091309 -0.0038432 -0.00627604 
-0.0038432 0.0737843 -0.0286672 
-0.00627603 -0.0286672 0.0496326 
0.126166 -0.00538111 -0.00546701 
-0.00538111 0.102875 -0.0394689 
-0.005467 -0.0394689 0.0615299 
0.14633 -0.0062529 -0.00580898 
-0.0062529 0.11947 -0.0457535 
-0.00580897 -0.0457535 0.0701943 
0.154967 -0.00662352 -0.00608137 
-0.00662352 0.126541 -0.0484508 
-0.00608135 -0.0484508 0.0741822 
0.15811 -0.00675803 -0.00619664 
-0.00675803 0.12911 -0.0494332 
-0.00619662 -0.0494332 0.075669 
0.159148 -0.00680241 -0.00623649 
-0.00680241 0.129958 -0.0497576 
-0.00623648 -0.0497576 0.076164 
0.159459 -0.00681572 -0.00624861 
-0.00681572 0.130212 -0.0498549 
-0.0062486 -0.0498549 0.0763127 
0.159507 -0.00681774 -0.00625046 
-0.00681774 0.130251 -0.0498697 
-0.00625045 -0.0498697 0.0763354 
0.159338 -0.00681053 -0.00624384 
-0.00681053 0.130113 -0.049817 
-0.00624382 -0.049817 0.0762548 
0.158594 -0.00677868 -0.0062145 
-0.00677868 0.129507 -0.0495844 
-0.00621448 -0.0495844 0.0759003 
0.155954 -0.00666515 -0.00610848 
-0.00666515 0.127361 -0.0487585 
-0.00610847 -0.0487585 0.0746566 
0.147744 -0.00630677 -0.005759 
-0.00630677 0.120774 -0.0461874 
-0.00575899 -0.0461874 0.0709431 
0.127089 -0.00536165 -0.00471846 
-0.00536165 0.104876 -0.0396926 
-0.00471845 -0.0396926 0.0628489 
0.0924647 -0.00354145 -0.00209792 
-0.00354145 0.0818989 -0.0286665 
-0.00209792 -0.0286665 0.0560729 
0.0657927 -0.00139515 0.00268436 
-0.00139515 0.0757825 -0.0197331 
0.00268437 -0.0197331 0.072271 
0.0665635 4.74389e-05 0.00813401 
4.74391e-05 0.0993799 -0.0191026 
0.00813401 -0.0191026 0.115109 
0.0798933 0.000690331 0.0121152 
0.000690331 0.129141 -0.0225539 
0.0121152 -0.0225539 0.15639 
0.090586 0.000936465 0.0143073 
0.000936466 0.148816 -0.0254817 
0.0143073 -0.0254817 0.181743 
0.0961961 0.00102938 0.0153204 
0.00102938 0.158563 -0.0270394 
0.0153204 -0.0270394 0.193982 
0.0976957 0.00105864 0.0155872 
0.00105864 0.161141 -0.027455 
0.0155872 -0.027455 0.197212 
0.0946991 0.00106789 0.0150978 
0.00106789 0.156059 -0.0266029 
0.0150978 -0.0266029 0.190997 
0.0844702 0.00124066 0.0133305 
0.00124066 0.137961 -0.0236662 
0.0133305 -0.0236662 0.168732 
0.0662043 0.00266098 0.00963378 
0.00266098 0.100787 -0.0181792 
0.00963378 -0.0181792 0.122555 
0.0559414 0.00828058 0.00522967 
0.00828058 0.0589276 -0.0140414 
0.00522967 -0.0140414 0.0689211 
0.072586 0.0182987 0.0031384 
0.0182987 0.0435933 -0.0165656 
0.0031384 -0.0165656 0.0460359 
0.0965899 0.0265802 0.00309238 
0.0265802 0.048267 -0.0215522 
0.00309238 -0.0215522 0.0483974 
0.109469 0.0304115 0.00334074 
0.0304115 0.0533134 -0.0243508 
0.00334074 -0.0243508 0.0530146 
0.112641 0.0312212 0.00338674 
0.0312212 0.0546977 -0.0250306 
0.00338674 -0.0250306 0.0543333 
0.109948 0.0300948 0.00318762 
0.0300948 0.0533771 -0.0243693 
0.00318762 -0.0243693 0.0529976 
0.1026 0.0266621 0.00254403 
0.0266621 0.0498241 -0.0225107 
0.00254402 -0.0225107 0.0494017 
0.0919651 0.0186767 0.000699635 
0.0186767 0.0447183 -0.0193332 
0.000699632 -0.0193332 0.0440913 
0.0872287 0.00119085 -0.00433818 
0.00119085 0.0426008 -0.015666 
-0.00433818 -0.015666 0.0412202 
0.110841 -0.0310367 -0.0153654 
-0.0310367 0.0544985 -0.0146443 
-0.0153654 -0.0146443 0.0511959 
0.170899 -0.0726593 -0.0311996 
-0.0726593 0.0843063 -0.0185685 
-0.0311996 -0.0185685 0.0780345 
0.233954 -0.106856 -0.0449476 
-0.106856 0.115495 -0.0242249 
-0.0449476 -0.0242249 0.106558 
0.272138 -0.125623 -0.0526861 
-0.125623 0.134359 -0.0279634 
-0.0526861 -0.0279634 0.123903 
0.287864 -0.133065 -0.055789 
-0.133065 0.142124 -0.0295468 
-0.055789 -0.0295468 0.13106 
0.291203 -0.134627 -0.0564511 
-0.134627 0.143767 -0.029877 
-0.0564511 -0.029877 0.132594 
0.287653 -0.132974 -0.0557915 
-0.132974 0.141994 -0.0294824 
-0.0557915 -0.0294824 0.131025 
0.278124 -0.128525 -0.0540373 
-0.128525 0.137221 -0.028405 
-0.0540373 -0.028405 0.126843 
0.26075 -0.120347 -0.0509737 
-0.120347 0.128421 -0.0262957 
-0.0509737 -0.0262957 0.119447 
0.232702 -0.106923 -0.0464918 
-0.106923 0.113878 -0.0223935 
-0.0464918 -0.0223935 0.108293 
0.193896 -0.0876803 -0.0416942 
-0.0876803 0.0927311 -0.0154891 
-0.0416942 -0.0154891 0.0952348 
0.153265 -0.0657603 -0.0403812 
-0.0657603 0.0678843 -0.00428072 
-0.0403812 -0.00428072 0.0878408 
0.12936 -0.0488532 -0.0480043 
-0.0488532 0.0471423 0.0113184 
-0.0480043 0.0113184 0.0976974 
0.133893 -0.042981 -0.0655612 
-0.042981 0.0372149 0.0287417 
-0.0655612 0.0287417 0.127983 
0.157408 -0.0459973 -0.0865626 
-0.0459973 0.0368308 0.0439651 
-0.0865626 0.0439651 0.166514 
0.182505 -0.0516868 -0.103806 
-0.0516868 0.0401926 0.0546665 
-0.103806 0.0546665 0.198887 
0.200439 -0.0563021 -0.114978 
-0.0563021 0.043434 0.0610799 
-0.114978 0.0610799 0.220075 
0.210959 -0.0591404 -0.121256 
-0.0591404 0.0455356 0.0645472 
-0.121256 0.0645472 0.232037 
0.216511 -0.0606693 -0.124505 
-0.0606693 0.046692 0.0663076 
-0.124505 0.0663076 0.238241 
0.219273 -0.0614371 -0.126106 
-0.0614371 0.0472781 0.0671675 
-0.126106 0.0671675 0.241303 
0.220599 -0.0618073 -0.126872 
-0.0618073 0.047562 0.067577 
-0.126872 0.067577 0.242767 
0.221222 -0.0619814 -0.127231 
-0.0619814 0.0476958 0.0677683 
-0.127231 0.0677683 0.243453 
0.221508 -0.0620617 -0.127396 
-0.0620617 0.0477575 0.0678563 
-0.127396 0.0678563 0.243769 
0.221639 -0.0620982 -0.127471 
-0.0620982 0.0477856 0.0678962 
-0.127471 0.0678962 0.243913 
0.221697 -0.0621146 -0.127504 
-0.0621146 0.0477982 0.0679141 
-0.127504 0.0679141 0.243977 
0.221723 -0.0621218 -0.127519 
-0.0621218 0.0478037 0.067922 
-0.127519 0.067922 0.244005 
0.221734 -0.0621249 -0.127525 
-0.0621249 0.0478062 0.0679254 
-0.127525 0.0679254 0.244018 
