4  16
0.0626297  0.070768  0.0300541  0.0698855  0.0761127  0.0550071  0.0761303  0.0767457  0.0541033  0.0638952  0.0687224  0.0647377  0.0590003  0.0641239  0.0604991  0.0475851  
5.25232  -5.15529  1.72737  -0.87792  
15.2313  0.0615723  0.182275  0.415634  
22.9679  0.64551  -0.0448505  -1.11089  
30.1115  -0.509474  -0.0850676  -0.0490765  
41.2283  0.655969  -0.169573  0.485668  
51.5552  0.111221  0.10369  -0.926773  
60.5504  -0.47419  -0.108973  0.230637  
72.2935  -0.2124  0.25846  0.420884  
82.1442  1.25817  -0.418364  -0.906327  
91.0382  -0.576316  -0.0771745  0.468644  
100.937  -0.483834  0.420078  0.307534  
110.981  1.1592  -0.247957  -0.764629  
120.277  -0.476141  -0.276812  0.410469  
129.447  -0.589594  0.671996  0.440462  
138.849  1.08324  -0.456872  -1.00668  
146.832  -1.36378  0.270449  0.498695  
7.79024  7.8514  -3.65439  1.73915  
7.8514  12.2685  -4.98287  1.80463  
-3.65439  -4.98287  2.20431  -0.838812  
1.73915  1.80463  -0.838812  0.483165  
10.6  -4.19645  1.32689  -0.549587  
-4.19645  3.28596  -1.02791  0.33064  
1.32689  -1.02791  0.430102  -0.0706564  
-0.549587  0.33064  -0.0706564  0.161455  
3.7643  1.25548  -0.613556  -0.148579  
1.25548  2.47753  -1.82228  -0.503919  
-0.613556  -1.82228  1.68718  0.450835  
-0.148579  -0.503919  0.450835  0.165959  
11.2135  -5.78677  0.421913  1.19423  
-5.78677  4.0148  -0.49406  -0.732538  
0.421913  -0.49406  0.169621  0.120019  
1.19423  -0.732538  0.120019  0.242227  
11.3854  -3.40312  3.20279  0.0838472  
-3.40312  2.1434  -1.17658  -0.0517188  
3.20279  -1.17658  1.10768  0.0731309  
0.0838472  -0.0517188  0.0731309  0.0632478  
8.52453  4.14307  -0.927539  -0.756017  
4.14307  3.31499  -1.12442  -0.79402  
-0.927539  -1.12442  0.698349  0.258788  
-0.756017  -0.79402  0.258788  0.397039  
17.6158  -1.03815  -2.64869  0.756743  
-1.03815  3.85169  -0.979194  -0.0947916  
-2.64869  -0.979194  0.995723  -0.0729379  
0.756743  -0.0947916  -0.0729379  0.117875  
12.1679  -6.16382  2.42696  -0.695245  
-6.16382  3.86699  -1.36567  0.358893  
2.42696  -1.36567  0.690067  -0.0946707  
-0.695245  0.358893  -0.0946707  0.0985726  
5.92055  0.49321  0.196913  0.602292  
0.49321  0.370951  -0.099107  -0.0168056  
0.196913  -0.099107  0.234512  0.112614  
0.602292  -0.0168056  0.112614  0.263174  
8.27691  2.89156  -1.52082  0.901472  
2.89156  3.60876  -1.05942  0.4678  
-1.52082  -1.05942  0.567347  -0.191912  
0.901472  0.4678  -0.191912  0.192475  
9.62309  -5.92788  2.02845  -0.499753  
-5.92788  4.2739  -1.33389  0.346186  
2.02845  -1.33389  0.542055  -0.084393  
-0.499753  0.346186  -0.084393  0.143972  
8.61204  -0.183586  0.564022  1.27088  
-0.183586  1.17065  -0.180389  -0.149858  
0.564022  -0.180389  0.255999  0.117684  
1.27088  -0.149858  0.117684  0.320857  
7.65897  4.92257  -1.86532  0.0958725  
4.92257  5.18408  -1.80032  0.0150557  
-1.86532  -1.80032  1.18001  -0.0497617  
0.0958725  0.0150557  -0.0497617  0.0596105  
8.94014  -4.92728  1.67286  -0.342068  
-4.92728  3.48135  -1.11967  0.167291  
1.67286  -1.11967  0.530553  0.0120621  
-0.342068  0.167291  0.0120621  0.124531  
8.00549  0.670514  -0.538136  0.880754  
0.670514  0.933712  -0.307722  -0.287847  
-0.538136  -0.307722  0.689885  0.325459  
0.880754  -0.287847  0.325459  0.563233  
4.80212  0.0821055  -0.599433  0.117278  
0.0821055  3.55469  -1.28146  -0.131321  
-0.599433  -1.28146  0.933698  0.0123244  
0.117278  -0.131321  0.0123244  0.0710706  
