3,3,117
0.142712 0.236025 -0.0227782 
0.236025 0.501249 -0.0301289 
-0.0227782 -0.0301289 0.029944 
0.142486 0.235652 -0.0227422 
0.235652 0.500456 -0.0300812 
-0.0227422 -0.0300812 0.0298968 
0.142032 0.2349 -0.0226697 
0.2349 0.49886 -0.029985 
-0.0226697 -0.029985 0.029802 
0.141066 0.233303 -0.0225157 
0.233303 0.495469 -0.0297804 
-0.0225157 -0.0297804 0.0296016 
0.138909 0.229735 -0.0221718 
0.229735 0.487892 -0.0293213 
-0.0221718 -0.0293213 0.029159 
0.133893 0.221437 -0.0213738 
0.221437 0.470282 -0.0282439 
-0.0213738 -0.0282439 0.0281593 
0.122164 0.202026 -0.019516 
0.202026 0.429117 -0.0256641 
-0.019516 -0.0256641 0.0259913 
0.0968856 0.16015 -0.015559 
0.16015 0.340508 -0.0197621 
-0.015559 -0.0197621 0.0222862 
0.0556956 0.0917256 -0.009321 
0.0917256 0.196597 -0.0086201 
-0.009321 -0.0086201 0.0205634 
0.0186315 0.0296781 -0.0042393 
0.0296781 0.0683033 0.00527124 
-0.0042393 0.00527124 0.0299471 
0.00436821 0.00523801 -0.00290817 
0.00523801 0.0203409 0.015157 
-0.00290817 0.015157 0.0463993 
0.00204147 0.000908745 -0.00306242 
0.000908745 0.0133383 0.0194634 
-0.00306242 0.0194634 0.0566968 
0.00189315 0.000470893 -0.00321717 
0.000470893 0.0131537 0.0207655 
-0.00321717 0.0207655 0.0602381 
0.00195982 0.000441167 -0.00326128 
0.000441167 0.0132349 0.0209033 
-0.00326128 0.0209033 0.0606064 
0.00218911 0.000443445 -0.00329584 
0.000443445 0.0132477 0.0205251 
-0.00329584 0.0205251 0.0594611 
0.00303485 0.000470162 -0.00349806 
0.000470162 0.0136418 0.0197445 
-0.00349806 0.0197445 0.0570343 
0.00604056 0.000592577 -0.00441723 
0.000592577 0.0159277 0.0186011 
-0.00441723 0.0186011 0.0531648 
0.0158487 0.00103757 -0.00775414 
0.00103757 0.0248751 0.0176145 
-0.00775414 0.0176145 0.0485412 
0.0434497 0.00235443 -0.0176238 
0.00235443 0.0521677 0.0187357 
-0.0176238 0.0187357 0.0468947 
0.104603 0.0053444 -0.0400273 
0.0053444 0.115002 0.0255785 
-0.0400273 0.0255785 0.0559569 
0.202219 0.0101753 -0.0762202 
0.0101753 0.217204 0.0400131 
-0.0762202 0.0400131 0.0806631 
0.310304 0.015557 -0.116536 
0.015557 0.331431 0.0579546 
-0.116536 0.0579546 0.113731 
0.39624 0.0198495 -0.148685 
0.0198495 0.42267 0.0729948 
-0.148685 0.0729948 0.142286 
0.4489 0.0224879 -0.168413 
0.0224879 0.478701 0.0824376 
-0.168413 0.0824376 0.160457 
0.474112 0.0237742 -0.177858 
0.0237742 0.505536 0.0869852 
-0.177858 0.0869852 0.169302 
0.479692 0.0241714 -0.179917 
0.0241714 0.511384 0.0878755 
-0.179917 0.0878755 0.171262 
0.468788 0.0241606 -0.175675 
0.0241606 0.499321 0.0853195 
-0.175675 0.0853195 0.167374 
0.440633 0.0250017 -0.164477 
0.0250017 0.467471 0.0778283 
-0.164477 0.0778283 0.157371 
0.398952 0.0313198 -0.146468 
0.0313198 0.416203 0.0615017 
-0.146468 0.0615017 0.142677 
0.371898 0.0558896 -0.129001 
0.0558896 0.366309 0.0297716 
-0.129001 0.0297716 0.133592 
0.422874 0.118643 -0.131133 
0.118643 0.371796 -0.0230269 
-0.131133 -0.0230269 0.153122 
0.594425 0.224715 -0.167978 
0.224715 0.475591 -0.0921881 
-0.167978 -0.0921881 0.216522 
0.833784 0.345153 -0.227164 
0.345153 0.642784 -0.160233 
-0.227164 -0.160233 0.304372 
1.04646 0.443401 -0.282227 
0.443401 0.798454 -0.211644 
-0.282227 -0.211644 0.382236 
1.18716 0.50593 -0.319351 
0.50593 0.903446 -0.243108 
-0.319351 -0.243108 0.433697 
1.25844 0.537069 -0.338307 
0.537069 0.957066 -0.258499 
-0.338307 -0.258499 0.459764 
1.27289 0.543383 -0.342135 
0.543383 0.967908 -0.261652 
-0.342135 -0.261652 0.46509 
1.2323 0.525904 -0.331214 
0.525904 0.937072 -0.253279 
-0.331214 -0.253279 0.450439 
1.12324 0.478587 -0.301911 
0.478586 0.854407 -0.230562 
-0.301911 -0.230562 0.411271 
0.927056 0.392173 -0.24922 
0.392173 0.706151 -0.189166 
-0.24922 -0.189166 0.341927 
0.65471 0.2683 -0.176134 
0.2683 0.501697 -0.130133 
-0.176134 -0.130133 0.24911 
0.384993 0.136987 -0.103882 
0.136987 0.302204 -0.0682195 
-0.103882 -0.0682195 0.164794 
0.214361 0.0407092 -0.0583693 
0.0407092 0.180566 -0.0237752 
-0.0583693 -0.0237752 0.123087 
0.152577 -0.00863733 -0.0421051 
-0.00863734 0.141532 -0.00189509 
-0.0421051 -0.00189509 0.120747 
0.144871 -0.0283168 -0.0402775 
-0.0283168 0.141341 0.00623744 
-0.0402775 0.00623744 0.13237 
0.150395 -0.035417 -0.0419027 
-0.035417 0.148813 0.00888063 
-0.0419027 0.00888063 0.142721 
0.155576 -0.038024 -0.0433669 
-0.038024 0.154419 0.00974067 
-0.0433669 0.00974067 0.148859 
0.158528 -0.0390365 -0.0441943 
-0.0390365 0.15745 0.0100417 
-0.0441943 0.0100417 0.151941 
0.159816 -0.039412 -0.044554 
-0.039412 0.158749 0.0101467 
-0.044554 0.0101467 0.153226 
0.159617 -0.0393767 -0.0444993 
-0.0393767 0.15856 0.0101396 
-0.0444993 0.0101396 0.153043 
0.156389 -0.0386256 -0.0436115 
-0.0386256 0.155434 0.00995381 
-0.0436115 0.00995381 0.149913 
0.145187 -0.0364382 -0.0406489 
-0.0364382 0.145376 0.00948878 
-0.0406489 0.00948878 0.138671 
0.122939 -0.0361265 -0.0358884 
-0.0361265 0.132891 0.0102911 
-0.0358884 0.0102911 0.112839 
0.120256 -0.0604024 -0.0420867 
-0.0604024 0.176543 0.0207936 
-0.0420867 0.0207936 0.088587 
0.18337 -0.129062 -0.07447 
-0.129062 0.337844 0.0475218 
-0.07447 0.0475218 0.102951 
0.269017 -0.202438 -0.112902 
-0.202438 0.519972 0.0753114 
-0.112902 0.0753114 0.139651 
0.323077 -0.245724 -0.136324 
-0.245724 0.629328 0.0915204 
-0.136324 0.0915204 0.165446 
0.341921 -0.260444 -0.144413 
-0.260444 0.66686 0.0968748 
-0.144413 0.0968748 0.174746 
0.332016 -0.252488 -0.140234 
-0.252488 0.647202 0.0932853 
-0.140234 0.0932853 0.169989 
0.291395 -0.21938 -0.12297 
-0.21938 0.565721 0.0783134 
-0.12297 0.0783134 0.150892 
0.220369 -0.156741 -0.0925337 
-0.156741 0.41825 0.0446303 
-0.0925337 0.0446303 0.121152 
0.158333 -0.0846559 -0.0650686 
-0.0846559 0.271273 -0.0124375 
-0.0650686 -0.0124375 0.108526 
0.163504 -0.0477254 -0.065183 
-0.0477254 0.238626 -0.0760215 
-0.065183 -0.0760215 0.142563 
0.204518 -0.0450949 -0.0807939 
-0.0450949 0.283215 -0.11833 
-0.0807939 -0.11833 0.18954 
0.230154 -0.0487872 -0.0908225 
-0.0487872 0.316667 -0.136283 
-0.0908225 -0.136283 0.214806 
0.238237 -0.050326 -0.0940046 
-0.050326 0.327608 -0.141345 
-0.0940046 -0.141345 0.222485 
0.237599 -0.0501754 -0.0937581 
-0.0501754 0.326723 -0.140984 
-0.0937581 -0.140984 0.221909 
0.231329 -0.0488342 -0.0913085 
-0.0488342 0.318122 -0.137258 
-0.0913085 -0.137258 0.216096 
0.217819 -0.045914 -0.0860792 
-0.045914 0.299635 -0.129213 
-0.0860792 -0.129213 0.203656 
0.192868 -0.0403852 -0.0766269 
-0.0403852 0.265675 -0.1143 
-0.0766269 -0.1143 0.181041 
0.153177 -0.0311212 -0.0623004 
-0.0311212 0.212282 -0.0903795 
-0.0623004 -0.0903795 0.146307 
0.104059 -0.0183658 -0.0465249 
-0.0183658 0.147943 -0.0602381 
-0.0465249 -0.0602381 0.106738 
0.0629437 -0.00510133 -0.0372369 
-0.00510132 0.0975662 -0.0339271 
-0.0372369 -0.0339271 0.0804646 
0.043102 0.00496307 -0.0382995 
0.00496307 0.0781797 -0.0196991 
-0.0382995 -0.0196991 0.0774799 
0.0396022 0.0108237 -0.044671 
0.0108237 0.0802529 -0.0154823 
-0.044671 -0.0154823 0.0877657 
0.0415593 0.0136957 -0.0504153 
0.0136957 0.0873607 -0.0152702 
-0.0504153 -0.0152703 0.0982878 
0.0434544 0.0149151 -0.0536118 
0.0149151 0.0921434 -0.0157159 
-0.0536118 -0.0157159 0.104343 
0.0440317 0.0152454 -0.0545147 
0.0152454 0.0935423 -0.0158628 
-0.0545147 -0.0158628 0.106076 
0.0432241 0.014997 -0.0535336 
0.014997 0.0918601 -0.0155386 
-0.0535336 -0.0155386 0.104204 
0.0408983 0.0142087 -0.0505923 
0.0142087 0.086916 -0.0146316 
-0.0505923 -0.0146316 0.0986176 
0.0366495 0.012775 -0.0451243 
0.012775 0.0778614 -0.0128978 
-0.0451244 -0.0128978 0.0883953 
0.0301386 0.0106284 -0.0364747 
0.0106284 0.0639507 -0.0099736 
-0.0364747 -0.00997361 0.072752 
0.0220055 0.00808551 -0.0249536 
0.00808551 0.0464852 -0.00560557 
-0.0249536 -0.00560557 0.0532785 
0.0146214 0.00607157 -0.0129727 
0.00607157 0.0304398 -0.000120526 
-0.0129727 -0.000120528 0.0357425 
0.0105626 0.00544484 -0.00390906 
0.00544484 0.021313 0.0053701 
-0.00390906 0.0053701 0.0263384 
0.00984852 0.00598404 0.00103652 
0.00598404 0.019292 0.00968379 
0.00103652 0.00968379 0.0250016 
0.010584 0.0068235 0.00313934 
0.00682349 0.0204817 0.0124304 
0.00313934 0.0124304 0.0270607 
0.0113897 0.0074503 0.00393226 
0.0074503 0.0219723 0.0139301 
0.00393226 0.0139301 0.0291732 
0.0118943 0.00780409 0.00422907 
0.00780409 0.0229304 0.0146697 
0.00422907 0.0146697 0.0304772 
0.0121511 0.00797733 0.00434478 
0.00797733 0.0234225 0.0150108 
0.00434478 0.0150108 0.0311376 
0.0122687 0.00805544 0.00439135 
0.00805544 0.0236487 0.0151606 
0.00439135 0.0151606 0.0314394 
0.012318 0.00808795 0.00440978 
0.00808795 0.0237436 0.0152223 
0.00440978 0.0152223 0.0315658 
0.0123312 0.0080966 0.00441461 
0.0080966 0.0237689 0.0152387 
0.00441461 0.0152387 0.0315995 
0.0123055 0.00807976 0.00440545 
0.00807975 0.0237195 0.015207 
0.00440545 0.015207 0.0315337 
0.0121783 0.00799618 0.00435993 
0.00799618 0.0234747 0.0150495 
0.00435993 0.0150495 0.0312072 
0.0117428 0.0077094 0.00420418 
0.0077094 0.0226401 0.0145079 
0.00420418 0.0145079 0.0300842 
0.0105389 0.00691141 0.00377481 
0.00691141 0.0203648 0.0129881 
0.00377481 0.0129881 0.026934 
0.00815849 0.00530099 0.00293273 
0.00530099 0.0160604 0.00984486 
0.00293273 0.00984486 0.0204243 
0.00551069 0.00339308 0.00202104 
0.00339308 0.0119711 0.00585306 
0.00202104 0.00585306 0.0121761 
0.00443637 0.00237746 0.00170278 
0.00237746 0.0117583 0.00320726 
0.00170278 0.00320726 0.00674333 
0.0048302 0.00232246 0.00191085 
0.00232246 0.0143957 0.00236149 
0.00191085 0.00236149 0.00504379 
0.00551746 0.00255932 0.00220275 
0.00255932 0.0170046 0.0022998 
0.00220275 0.0022998 0.004953 
0.00599084 0.00275265 0.00239736 
0.00275265 0.018621 0.00238535 
0.00239736 0.00238535 0.00515105 
0.00618624 0.0028352 0.00247709 
0.0028352 0.0192737 0.0024303 
0.00247709 0.0024303 0.00525507 
0.00604529 0.00277195 0.00242033 
0.00277195 0.0188451 0.00236198 
0.00242033 0.00236198 0.00513348 
0.00535034 0.00248309 0.00213545 
0.00248309 0.0166509 0.0020658 
0.00213545 0.0020658 0.00469161 
0.00405479 0.00207679 0.00157493 
0.00207679 0.0124124 0.00142899 
0.00157493 0.00142899 0.00454316 
0.00350701 0.00248088 0.00120966 
0.00248088 0.010006 0.000760261 
0.00120966 0.000760261 0.0074005 
0.00479027 0.00405769 0.00150325 
0.00405769 0.0129541 0.000573966 
0.00150325 0.000573967 0.0135005 
0.00617654 0.00536886 0.00190779 
0.00536886 0.016557 0.000645031 
0.00190779 0.000645031 0.0181015 
0.00682622 0.00594845 0.00210515 
0.00594845 0.0182827 0.000702548 
0.00210515 0.000702548 0.020081 
0.00705043 0.0061452 0.00217398 
0.0061452 0.0188817 0.000724668 
0.00217398 0.000724668 0.0207475 
0.00711952 0.00620555 0.00219526 
0.00620555 0.0190666 0.000731687 
0.00219526 0.000731687 0.0209514 
0.00713986 0.00622328 0.00220153 
0.00622328 0.0191211 0.00073377 
0.00220153 0.000733771 0.0210113 
0.00714572 0.00622839 0.00220334 
0.00622839 0.0191368 0.000734372 
0.00220334 0.000734372 0.0210286 
0.00714739 0.00622985 0.00220385 
0.00622985 0.0191412 0.000734543 
0.00220385 0.000734544 0.0210335 
0.00714787 0.00623026 0.002204 
0.00623026 0.0191425 0.000734593 
0.002204 0.000734593 0.0210349 
