3,3,80
0.0626562 -0.0486162 -0.0323488 
-0.0486162 0.255189 -0.0172811 
-0.0323488 -0.0172811 0.134707 
0.0626144 -0.0485838 -0.0323272 
-0.0485838 0.255019 -0.0172695 
-0.0323273 -0.0172695 0.134617 
0.0624568 -0.0484616 -0.0322458 
-0.0484616 0.254378 -0.0172259 
-0.0322458 -0.0172259 0.134278 
0.0618743 -0.0480101 -0.031944 
-0.0480101 0.252022 -0.0170618 
-0.031944 -0.0170618 0.133023 
0.0598166 -0.0464208 -0.0308673 
-0.0464208 0.243859 -0.0164495 
-0.0308673 -0.0164495 0.12856 
0.0535037 -0.0416098 -0.0274371 
-0.0416098 0.220754 -0.0141726 
-0.0274372 -0.0141726 0.114529 
0.0414096 -0.0329902 -0.0196951 
-0.0329902 0.194335 -0.00614101 
-0.0196951 -0.00614101 0.0845005 
0.0408752 -0.0358986 -0.0129085 
-0.0358986 0.291427 0.0144166 
-0.0129085 0.0144166 0.0658511 
0.0641028 -0.0590934 -0.0147674 
-0.0590934 0.540533 0.0397771 
-0.0147674 0.0397771 0.0885508 
0.0830391 -0.0769636 -0.0183194 
-0.0769636 0.712569 0.0540687 
-0.0183194 0.0540687 0.112531 
0.0893761 -0.0828721 -0.0196481 
-0.0828721 0.768059 0.0584214 
-0.0196481 0.0584214 0.120934 
0.0867179 -0.0803923 -0.0190876 
-0.0803923 0.745615 0.0567406 
-0.0190876 0.0567406 0.117423 
0.0719291 -0.066476 -0.0161698 
-0.066476 0.62208 0.0475163 
-0.0161698 0.0475164 0.0985574 
0.0418415 -0.0371316 -0.0119218 
-0.0371316 0.388791 0.0309995 
-0.0119218 0.0309995 0.0659747 
0.0185201 -0.0112754 -0.0137183 
-0.0112754 0.262429 0.0249916 
-0.0137183 0.0249916 0.0582043 
0.0150394 -0.00375237 -0.0199798 
-0.00375237 0.307711 0.0320958 
-0.0199798 0.0320958 0.0776367 
0.0162173 -0.00298517 -0.0232756 
-0.00298517 0.350344 0.036912 
-0.0232756 0.036912 0.0896689 
0.0161923 -0.00289157 -0.0233489 
-0.00289157 0.351028 0.0369344 
-0.0233488 0.0369344 0.0899374 
0.0144237 -0.00260803 -0.0204686 
-0.00260803 0.309583 0.0319561 
-0.0204686 0.0319561 0.0792229 
0.011118 -0.00226404 -0.0135707 
-0.00226404 0.217776 0.0184293 
-0.0135707 0.0184293 0.0550525 
0.010527 -0.00306425 -0.00485473 
-0.00306425 0.130644 -0.0050185 
-0.00485473 -0.0050185 0.0303384 
0.0157047 -0.00536117 -0.000383713 
-0.00536117 0.13008 -0.0267626 
-0.000383713 -0.0267626 0.0265679 
0.020216 -0.00702247 0.000558962 
-0.00702247 0.157496 -0.0374096 
0.000558962 -0.0374096 0.0313303 
0.0219149 -0.00762219 0.000688564 
-0.00762219 0.169949 -0.0407852 
0.000688564 -0.0407852 0.0337377 
0.0222168 -0.00772898 0.000702925 
-0.00772898 0.172218 -0.0413563 
0.000702925 -0.0413563 0.0341863 
0.0216942 -0.00756384 0.000683156 
-0.00756384 0.167825 -0.0403086 
0.000683156 -0.0403086 0.0333463 
0.0200484 -0.00719477 0.000588356 
-0.00719477 0.150924 -0.0363231 
0.000588356 -0.0363231 0.0303872 
0.0196397 -0.00884901 0.000198254 
-0.00884901 0.111172 -0.0274229 
0.000198254 -0.0274229 0.0259912 
0.0357358 -0.0225763 -0.000998683 
-0.0225763 0.0704276 -0.0205613 
-0.000998682 -0.0205613 0.0337152 
0.0726891 -0.0494059 -0.00276288 
-0.0494059 0.0723001 -0.0260365 
-0.00276288 -0.0260365 0.0612725 
0.100687 -0.0689349 -0.00393182 
-0.0689349 0.0899653 -0.0337987 
-0.00393182 -0.0337987 0.0838227 
0.111514 -0.0763926 -0.00436382 
-0.0763926 0.0985603 -0.037187 
-0.00436382 -0.037187 0.0927095 
0.111711 -0.0764786 -0.0043596 
-0.0764786 0.0985405 -0.0371652 
-0.0043596 -0.0371652 0.0927394 
0.103305 -0.0703424 -0.00393967 
-0.0703424 0.0904965 -0.0339154 
-0.00393966 -0.0339154 0.0848917 
0.086662 -0.0566262 -0.0027304 
-0.0566262 0.0720535 -0.0256354 
-0.00273039 -0.0256354 0.065794 
0.0803584 -0.0424936 -0.000118786 
-0.0424936 0.0505903 -0.0119473 
-0.000118784 -0.0119473 0.0382428 
0.117148 -0.0467687 0.00348063 
-0.0467687 0.0491849 0.000472708 
0.00348063 0.000472708 0.0212888 
0.167167 -0.0619637 0.00610122 
-0.0619637 0.0625458 0.00618103 
0.00610123 0.00618103 0.0197115 
0.187778 -0.0687924 0.00700589 
-0.0687924 0.0691985 0.00754791 
0.0070059 0.00754791 0.0208023 
0.181533 -0.0658739 0.00681188 
-0.0658739 0.0665445 0.0071161 
0.00681188 0.0071161 0.0199997 
0.159991 -0.0565421 0.00607234 
-0.0565421 0.0579485 0.0056333 
0.00607235 0.0056333 0.017652 
0.134182 -0.0436731 0.00526104 
-0.0436731 0.046882 0.00312873 
0.00526104 0.00312873 0.0148914 
0.122602 -0.032484 0.00513997 
-0.032484 0.0394341 -0.000301498 
0.00513997 -0.000301498 0.0137794 
0.141778 -0.0290727 0.006325 
-0.0290727 0.0417086 -0.00396551 
0.006325 -0.00396551 0.0161329 
0.180428 -0.0327751 0.00823876 
-0.0327751 0.0511427 -0.0068452 
0.00823876 -0.0068452 0.0206295 
0.212461 -0.0375394 0.00974874 
-0.0375394 0.059739 -0.00850953 
0.00974874 -0.00850953 0.0243167 
0.228418 -0.0401826 0.0104886 
-0.0401826 0.0641455 -0.00922318 
0.0104886 -0.00922318 0.0261477 
0.231755 -0.0407492 0.0106413 
-0.0407492 0.065077 -0.00936299 
0.0106413 -0.00936299 0.0265335 
0.22556 -0.0396701 0.0103482 
-0.0396701 0.0633632 -0.00908736 
0.0103482 -0.00908736 0.0258428 
0.20912 -0.0368382 0.00955277 
-0.0368382 0.058872 -0.00830131 
0.00955277 -0.00830131 0.0240469 
0.180595 -0.0320385 0.00809375 
-0.0320385 0.0513217 -0.00670065 
0.00809375 -0.00670065 0.0210979 
0.142318 -0.0259071 0.005922 
-0.0259071 0.0418495 -0.00391033 
0.005922 -0.00391033 0.0175953 
0.103544 -0.020285 0.00331419 
-0.020285 0.0335125 0.000140447 
0.00331419 0.000140447 0.0149135 
0.0742256 -0.0167914 0.000817403 
-0.0167914 0.028842 0.00477637 
0.000817403 0.00477637 0.0140026 
0.05633 -0.0151664 -0.00105997 
-0.0151664 0.0271699 0.00865048 
-0.00105997 0.00865048 0.0142098 
0.0444483 -0.0136987 -0.00204565 
-0.0136987 0.0256217 0.0103722 
-0.00204565 0.0103722 0.0138449 
0.0326964 -0.0109425 -0.00214037 
-0.0109425 0.0223866 0.00924635 
-0.00214037 0.00924635 0.0117567 
0.020092 -0.00713463 -0.00169662 
-0.00713463 0.0191724 0.0060442 
-0.00169662 0.0060442 0.00863121 
0.0102394 -0.00397368 -0.00129038 
-0.00397368 0.0194596 0.00281244 
-0.00129038 0.00281244 0.0064818 
0.0053429 -0.00245347 -0.00120083 
-0.00245347 0.023319 0.000921563 
-0.00120083 0.000921563 0.00612654 
0.00383412 -0.00206449 -0.00129217 
-0.00206449 0.0276599 0.00018174 
-0.00129217 0.00018174 0.00666164 
0.0035668 -0.00204726 -0.00138391 
-0.00204726 0.0303662 -3.83575e-05 
-0.00138391 -3.83574e-05 0.00715687 
0.00350495 -0.00203469 -0.00140156 
-0.00203469 0.0308893 -9.11632e-05 
-0.00140156 -9.1163e-05 0.00725141 
0.00334845 -0.00189189 -0.00131579 
-0.00189189 0.02884 -9.44101e-05 
-0.00131579 -9.441e-05 0.00679722 
0.0032267 -0.00154428 -0.00111251 
-0.00154428 0.023454 -7.45255e-05 
-0.00111251 -7.45255e-05 0.00569171 
0.00398269 -0.00101604 -0.000873535 
-0.00101604 0.015025 -3.30224e-05 
-0.000873535 -3.30224e-05 0.00426836 
0.00672839 -0.000540641 -0.000815672 
-0.000540641 0.00701168 2.40246e-05 
-0.000815672 2.40246e-05 0.00357405 
0.0103864 -0.000313473 -0.000967729 
-0.000313473 0.00280892 7.83131e-05 
-0.000967729 7.83131e-05 0.00393309 
0.0123564 -0.000233416 -0.00107678 
-0.000233416 0.0015849 0.000122027 
-0.00107678 0.000122027 0.00434004 
0.0118971 -0.000148113 -0.00100344 
-0.000148113 0.00140377 0.000171942 
-0.00100344 0.000171942 0.00417671 
0.0098828 4.25658e-06 -0.000783395 
4.25658e-06 0.00153893 0.00025966 
-0.000783395 0.00025966 0.00359208 
0.00749175 0.000238407 -0.000502066 
0.000238407 0.00195075 0.000417054 
-0.000502066 0.000417054 0.00297022 
0.00568734 0.000540663 -0.000240849 
0.000540663 0.00269049 0.000653872 
-0.000240849 0.000653872 0.00263517 
0.00488472 0.00086588 -5.02543e-05 
0.00086588 0.00366203 0.000938137 
-5.02543e-05 0.000938137 0.00268807 
0.00488042 0.00115666 6.35021e-05 
0.00115666 0.00464002 0.00121073 
6.35021e-05 0.00121073 0.00299417 
0.00522162 0.00137669 0.00012222 
0.00137669 0.00543279 0.00142588 
0.00012222 0.00142588 0.00335073 
0.0055838 0.00152233 0.000150258 
0.00152233 0.0059784 0.00157182 
0.000150258 0.00157182 0.00363621 
0.0058475 0.00160966 0.000163374 
0.00160966 0.00631268 0.00166052 
0.000163374 0.00166052 0.00382426 
0.00600905 0.00165846 0.000169574 
0.00165846 0.00650164 0.00171045 
0.000169574 0.00171045 0.00393449 
0.00609883 0.00168437 0.000172549 
0.00168437 0.00660258 0.00173707 
0.000172549 0.00173707 0.00399446 
