3,3,117
0.10288 0.171129 -0.0169353 
0.171129 0.362375 -0.0191557 
-0.0169353 -0.0191557 0.0344143 
0.103105 0.171503 -0.0169733 
0.171503 0.363167 -0.0191972 
-0.0169733 -0.0191972 0.034495 
0.102814 0.171018 -0.016924 
0.171018 0.362141 -0.0191434 
-0.0169241 -0.0191434 0.0343903 
0.101934 0.169552 -0.0167748 
0.169552 0.35904 -0.0189811 
-0.0167749 -0.0189811 0.0340715 
0.100246 0.166741 -0.0164866 
0.166741 0.353093 -0.0186706 
-0.0164866 -0.0186706 0.0334479 
0.0973564 0.161923 -0.0159852 
0.161923 0.342907 -0.0181418 
-0.0159852 -0.0181418 0.0323358 
0.0927848 0.154289 -0.0151639 
0.154289 0.326785 -0.0173153 
-0.0151639 -0.0173153 0.0304181 
0.086774 0.144205 -0.0139754 
0.144205 0.305556 -0.0162677 
-0.0139755 -0.0162677 0.0272828 
0.0836751 0.138795 -0.0128752 
0.138795 0.294474 -0.0159027 
-0.0128752 -0.0159027 0.0229112 
0.0991866 0.163914 -0.0138501 
0.163914 0.348662 -0.0193581 
-0.0138501 -0.0193581 0.0191788 
0.15557 0.256344 -0.0199931 
0.256344 0.546371 -0.030984 
-0.0199931 -0.030984 0.0203033 
0.240798 0.396434 -0.0301446 
0.396434 0.84547 -0.0482465 
-0.0301446 -0.0482465 0.0268964 
0.308645 0.508056 -0.0384623 
0.508056 1.08364 -0.0619034 
-0.0384623 -0.0619034 0.0334814 
0.342554 0.563863 -0.042663 
0.563863 1.20268 -0.0687134 
-0.042663 -0.0687134 0.0370189 
0.355183 0.58465 -0.0442333 
0.58465 1.24702 -0.0712477 
-0.0442333 -0.0712477 0.0383687 
0.359095 0.59109 -0.0447203 
0.59109 1.26076 -0.0720325 
-0.0447203 -0.0720325 0.03879 
0.360148 0.592823 -0.0448514 
0.592823 1.26446 -0.0722438 
-0.0448514 -0.0722438 0.0389037 
0.36038 0.593204 -0.0448802 
0.593204 1.26527 -0.0722902 
-0.0448802 -0.0722902 0.0389287 
0.360372 0.593192 -0.0448793 
0.593192 1.26524 -0.0722887 
-0.0448793 -0.0722887 0.0389279 
0.360237 0.59297 -0.0448625 
0.59297 1.26477 -0.0722617 
-0.0448625 -0.0722617 0.0389133 
0.359916 0.59244 -0.0448224 
0.59244 1.26364 -0.0721972 
-0.0448224 -0.0721972 0.0388787 
0.359218 0.59129 -0.0447353 
0.59129 1.26119 -0.0720578 
-0.0447353 -0.0720578 0.0388039 
0.357761 0.588885 -0.044553 
0.588885 1.25606 -0.071768 
-0.044553 -0.071768 0.0386493 
0.354819 0.584013 -0.0441831 
0.584013 1.24569 -0.0711881 
-0.0441831 -0.0711881 0.0383431 
0.34911 0.574502 -0.0434581 
0.574502 1.22549 -0.0700846 
-0.0434581 -0.0700846 0.0377733 
0.338585 0.556748 -0.0420945 
0.556748 1.18794 -0.068128 
-0.0420945 -0.068128 0.0368109 
0.320476 0.525473 -0.0396587 
0.525473 1.12232 -0.0650254 
-0.0396587 -0.0650254 0.0354524 
0.292286 0.474566 -0.0355933 
0.474566 1.01707 -0.0609991 
-0.0355933 -0.0609991 0.0342437 
0.254442 0.400219 -0.0293961 
0.400219 0.867412 -0.0577633 
-0.0293961 -0.0577633 0.0350675 
0.213737 0.30616 -0.0209952 
0.30616 0.686813 -0.059377 
-0.0209952 -0.059377 0.0416982 
0.183032 0.206312 -0.0110999 
0.206312 0.51033 -0.0710365 
-0.0110999 -0.0710365 0.0584759 
0.173363 0.118731 -0.00107106 
0.118731 0.376559 -0.0949966 
-0.00107106 -0.0949966 0.0866387 
0.185247 0.0545384 0.00776228 
0.0545384 0.301621 -0.127649 
0.00776228 -0.127649 0.122057 
0.209811 0.013761 0.0147033 
0.013761 0.274744 -0.161926 
0.0147033 -0.161926 0.157808 
0.236869 -0.00982187 0.0197221 
-0.00982186 0.274856 -0.191973 
0.0197221 -0.191973 0.188495 
0.260088 -0.0228151 0.0231373 
-0.0228151 0.285045 -0.21514 
0.0231373 -0.21514 0.211876 
0.276979 -0.0298096 0.0253206 
-0.0298096 0.295889 -0.231106 
0.0253206 -0.231106 0.227885 
0.286901 -0.0334146 0.0265464 
-0.0334146 0.302996 -0.24031 
0.0265464 -0.24031 0.237095 
0.289334 -0.0349257 0.0269444 
-0.0349257 0.303992 -0.242818 
0.0269444 -0.242818 0.239645 
0.282864 -0.0348982 0.0265079 
-0.0348981 0.296611 -0.23775 
0.0265079 -0.23775 0.234725 
0.264997 -0.0336231 0.0251863 
-0.0336231 0.278095 -0.22336 
0.0251863 -0.22336 0.220707 
0.233555 -0.0318077 0.0231945 
-0.0318077 0.246703 -0.198536 
0.0231945 -0.198536 0.196721 
0.190953 -0.0316801 0.0216563 
-0.0316801 0.206469 -0.166812 
0.0216563 -0.166812 0.166747 
0.149358 -0.0375391 0.0230285 
-0.0375391 0.172433 -0.140616 
0.0230285 -0.140616 0.143775 
0.126671 -0.0530005 0.0296416 
-0.0530005 0.164453 -0.136088 
0.0296416 -0.136088 0.144099 
0.129841 -0.0759233 0.0407041 
-0.0759233 0.187171 -0.156673 
0.0407041 -0.156673 0.170325 
0.148374 -0.0991477 0.0524344 
-0.0991477 0.224561 -0.188891 
0.0524344 -0.188891 0.207613 
0.168249 -0.117104 0.0616927 
-0.117104 0.258671 -0.217913 
0.0616927 -0.217913 0.240321 
0.182856 -0.128703 0.0677333 
-0.128703 0.282362 -0.237971 
0.0677333 -0.237971 0.262685 
0.191776 -0.135381 0.0712287 
-0.135381 0.296482 -0.249898 
0.0712287 -0.249898 0.275919 
0.196613 -0.138902 0.0730758 
-0.138902 0.304052 -0.256285 
0.0730758 -0.256285 0.282989 
0.198835 -0.140498 0.0739141 
-0.140498 0.307514 -0.259204 
0.0739141 -0.259204 0.286215 
0.199228 -0.140777 0.0740603 
-0.140777 0.308138 -0.259721 
0.0740603 -0.259721 0.286785 
0.19784 -0.139772 0.07353 
-0.139772 0.306037 -0.257911 
0.07353 -0.257911 0.28477 
0.193913 -0.136885 0.0720044 
-0.136885 0.300169 -0.252785 
0.0720044 -0.252785 0.279038 
0.185758 -0.130644 0.0686932 
-0.130644 0.288427 -0.242128 
0.0686932 -0.242128 0.266965 
0.171047 -0.118366 0.0621237 
-0.118366 0.269096 -0.222844 
0.0621237 -0.222844 0.244471 
0.149011 -0.0962394 0.0500991 
-0.0962394 0.246927 -0.193748 
0.0500991 -0.193748 0.208163 
0.125937 -0.061135 0.0305295 
-0.061135 0.245407 -0.16261 
0.0305295 -0.16261 0.161793 
0.118018 -0.0147947 0.00376269 
-0.0147947 0.307212 -0.149996 
0.00376269 -0.149996 0.121883 
0.137645 0.0338744 -0.0255065 
0.0338744 0.451228 -0.172066 
-0.0255065 -0.172066 0.106375 
0.176068 0.0743682 -0.0507741 
0.0743682 0.633594 -0.218351 
-0.0507741 -0.218351 0.114348 
0.214166 0.102151 -0.0685964 
0.102151 0.791941 -0.26494 
-0.0685964 -0.26494 0.130911 
0.241646 0.118818 -0.0794797 
0.118818 0.900028 -0.298735 
-0.0794797 -0.298735 0.145217 
0.25822 0.127969 -0.0855167 
0.127969 0.963578 -0.319166 
-0.0855167 -0.319166 0.154476 
0.266974 0.132582 -0.0885767 
0.132582 0.996747 -0.329969 
-0.0885767 -0.329969 0.159521 
0.270551 0.13443 -0.0898063 
0.13443 1.01023 -0.334379 
-0.0898063 -0.334379 0.161605 
0.270127 0.13423 -0.0896747 
0.13423 1.00867 -0.333837 
-0.0896747 -0.333837 0.161335 
0.265219 0.131758 -0.0880358 
0.131758 0.990278 -0.327713 
-0.0880358 -0.327713 0.158385 
0.253418 0.125717 -0.0840585 
0.125717 0.945829 -0.312881 
-0.0840585 -0.312881 0.151252 
0.230434 0.113516 -0.0761592 
0.113516 0.858253 -0.283431 
-0.0761592 -0.283431 0.137122 
0.192771 0.0917536 -0.0625969 
0.0917536 0.71064 -0.232873 
-0.0625969 -0.232873 0.112991 
0.145965 0.059027 -0.0437569 
0.059027 0.513993 -0.162664 
-0.0437569 -0.162664 0.0798526 
0.110311 0.0202478 -0.024564 
0.0202478 0.331995 -0.0912115 
-0.024564 -0.0912115 0.0469192 
0.103158 -0.0147036 -0.0112136 
-0.0147036 0.232278 -0.041632 
-0.0112136 -0.041632 0.0252122 
0.11743 -0.0393254 -0.00486114 
-0.0393254 0.211756 -0.018157 
-0.00486114 -0.018157 0.0160896 
0.135259 -0.0537296 -0.00264684 
-0.0537296 0.224224 -0.0100089 
-0.00264684 -0.0100089 0.0138138 
0.147035 -0.0608625 -0.0020267 
-0.0608625 0.238172 -0.0076196 
-0.0020267 -0.00761958 0.0137213 
0.15126 -0.0633313 -0.00185835 
-0.0633313 0.243782 -0.00666099 
-0.00185835 -0.00666097 0.0139371 
0.148917 -0.0626714 -0.00176965 
-0.0626714 0.240179 -0.00562899 
-0.00176965 -0.00562897 0.0140074 
0.140812 -0.0595973 -0.00165598 
-0.0595973 0.228097 -0.00389669 
-0.00165598 -0.00389667 0.0139541 
0.127261 -0.05443 -0.00148751 
-0.05443 0.2082 -0.000896613 
-0.00148751 -0.000896595 0.0140047 
0.108821 -0.0475967 -0.00125698 
-0.0475967 0.181962 0.00418876 
-0.00125698 0.00418878 0.014631 
0.0876216 -0.0402312 -0.000973925 
-0.0402312 0.153677 0.0124218 
-0.000973925 0.0124218 0.016641 
0.0683362 -0.0344592 -0.000664029 
-0.0344592 0.131505 0.0245032 
-0.000664029 0.0245032 0.0209508 
0.0563991 -0.0323367 -0.000344408 
-0.0323367 0.123419 0.0393907 
-0.000344408 0.0393907 0.0276389 
0.0532148 -0.0336526 1.52469e-05 
-0.0336526 0.128784 0.053554 
1.52469e-05 0.053554 0.0349936 
0.0546489 -0.0357578 0.000480921 
-0.0357578 0.13759 0.0630281 
0.000480921 0.0630281 0.0404287 
0.0558449 -0.0362817 0.00109655 
-0.0362817 0.140779 0.0664176 
0.00109655 0.0664176 0.0426391 
0.0549897 -0.0347408 0.00186788 
-0.0347408 0.136441 0.0650089 
0.00186788 0.0650089 0.0421013 
0.0525252 -0.0317693 0.00278832 
-0.0317693 0.126953 0.0608579 
0.00278832 0.0608579 0.0399655 
0.0493667 -0.02809 0.00385455 
-0.02809 0.11506 0.0555348 
0.00385455 0.0555348 0.0371799 
0.0461692 -0.0241739 0.00506396 
-0.0241739 0.102552 0.0499475 
0.00506396 0.0499475 0.0343072 
0.0432853 -0.0202768 0.0064083 
-0.0202768 0.0903905 0.0445591 
0.0064083 0.0445591 0.0316338 
0.0408775 -0.0165342 0.00787079 
-0.0165342 0.0790575 0.0395953 
0.00787079 0.0395953 0.0292929 
0.0390034 -0.0130207 0.00942678 
-0.0130207 0.0687889 0.0351611 
0.00942678 0.0351611 0.0273374 
0.0376614 -0.00977829 0.0110464 
-0.00977829 0.0596838 0.0312953 
0.0110464 0.0312953 0.0257755 
0.036814 -0.00682747 0.0126975 
-0.00682747 0.051756 0.0279956 
0.0126975 0.0279956 0.0245885 
0.0364026 -0.00417324 0.014349 
-0.00417324 0.0449614 0.0252325 
0.014349 0.0252325 0.0237406 
0.0363574 -0.00180892 0.0159723 
-0.00180892 0.0392169 0.0229589 
0.0159723 0.0229589 0.0231867 
0.0366058 0.000280503 0.0175436 
0.000280503 0.0344169 0.0211181 
0.0175436 0.0211181 0.0228779 
0.0370781 0.00211536 0.0190439 
0.00211536 0.0304453 0.0196501 
0.0190439 0.0196501 0.022766 
0.0377113 0.00371883 0.0204594 
0.00371883 0.0271858 0.018496 
0.0204594 0.018496 0.0228063 
0.0384511 0.00511503 0.0217813 
0.00511503 0.0245284 0.0176011 
0.0217813 0.0176011 0.0229596 
0.0392526 0.0063276 0.0230047 
0.0063276 0.0223729 0.0169169 
0.0230047 0.0169169 0.0231923 
0.0400802 0.00737882 0.0241282 
0.00737882 0.0206314 0.0164012 
0.0241282 0.0164012 0.0234772 
0.0409064 0.00828909 0.025153 
0.00828909 0.0192286 0.0160187 
0.025153 0.0160187 0.0237926 
0.041711 0.00907673 0.0260822 
0.00907673 0.0181007 0.0157401 
0.0260822 0.0157401 0.0241218 
0.0424796 0.00975787 0.0269203 
0.00975787 0.017195 0.0155417 
0.0269203 0.0155417 0.024452 
0.0432024 0.0103466 0.0276724 
0.0103466 0.0164684 0.0154044 
0.0276724 0.0154044 0.0247741 
0.0438734 0.0108551 0.0283442 
0.0108551 0.0158856 0.0153131 
0.0283442 0.0153131 0.0250816 
0.0444892 0.0112937 0.0289411 
0.0112937 0.0154183 0.015256 
0.0289411 0.015256 0.02537 
0.0450484 0.0116714 0.0294689 
0.0116714 0.0150436 0.0152236 
0.0294689 0.0152236 0.0256364 
0.0455508 0.0119956 0.0299325 
0.0119956 0.0147435 0.015209 
0.0299325 0.015209 0.0258792 
0.0459975 0.0122728 0.030337 
0.0122728 0.0145033 0.0152065 
0.030337 0.0152065 0.0260975 
0.0463897 0.0125082 0.0306866 
0.0125082 0.0143117 0.0152119 
0.0306866 0.0152119 0.026291 
0.0467291 0.0127062 0.0309853 
0.0127062 0.0141596 0.0152219 
0.0309853 0.0152219 0.0264597 
