3,3,80
0.0130448 -0.0145566 -0.00120278 
-0.0145566 0.0679005 0.00124086 
-0.00120278 0.00124086 0.0281472 
0.0130424 -0.014554 -0.00120256 
-0.014554 0.0678885 0.00124064 
-0.00120256 0.00124064 0.0281422 
0.0130352 -0.0145459 -0.0012019 
-0.0145459 0.0678507 0.00123995 
-0.0012019 0.00123995 0.0281265 
0.0130119 -0.0145199 -0.00119976 
-0.0145199 0.0677295 0.00123773 
-0.00119976 0.00123773 0.0280764 
0.0129368 -0.0144356 -0.00119287 
-0.0144356 0.0673361 0.00123045 
-0.00119287 0.00123045 0.0279144 
0.0126965 -0.0141628 -0.00117115 
-0.0141628 0.0660627 0.00120624 
-0.00117115 0.00120624 0.0273984 
0.0119939 -0.0133289 -0.00111105 
-0.0133289 0.0621648 0.001125 
-0.00111105 0.001125 0.025909 
0.0106312 -0.0113353 -0.00102983 
-0.0113353 0.0527861 0.000858538 
-0.00102983 0.000858538 0.0232212 
0.0119434 -0.00977639 -0.00143484 
-0.00977639 0.0450068 0.000108696 
-0.00143484 0.000108696 0.0276663 
0.0240545 -0.0147883 -0.00335028 
-0.0147883 0.06696 -0.00119941 
-0.00335028 -0.00119941 0.0583363 
0.0389841 -0.0228546 -0.00553407 
-0.0228546 0.103152 -0.00226642 
-0.00553407 -0.00226642 0.0951333 
0.0460628 -0.0268947 -0.00654907 
-0.0268947 0.121374 -0.00271208 
-0.00654907 -0.00271208 0.112456 
0.047715 -0.0278388 -0.00678539 
-0.0278388 0.125688 -0.00282194 
-0.00678539 -0.00282194 0.116473 
0.0469563 -0.0273576 -0.00667955 
-0.0273576 0.123684 -0.00280831 
-0.00667955 -0.00280831 0.114557 
0.0444895 -0.0257936 -0.00633532 
-0.0257936 0.117178 -0.00276422 
-0.00633532 -0.00276422 0.108327 
0.0398024 -0.0226214 -0.00569178 
-0.0226214 0.104802 -0.00284414 
-0.00569178 -0.00284414 0.0961509 
0.0323998 -0.0167738 -0.00471941 
-0.0167738 0.0851985 -0.00365379 
-0.00471941 -0.00365379 0.0755159 
0.0244976 -0.00758622 -0.00383621 
-0.00758622 0.0640714 -0.00692165 
-0.0038362 -0.00692165 0.0485455 
0.0224395 0.00309298 -0.00404168 
0.00309298 0.0580043 -0.0145349 
-0.00404167 -0.0145349 0.0276163 
0.0277946 0.0113618 -0.00540197 
0.0113618 0.0713334 -0.0241489 
-0.00540196 -0.0241489 0.0215697 
0.0337844 0.0156983 -0.00666515 
0.0156983 0.0865748 -0.0308931 
-0.00666514 -0.0308931 0.0230487 
0.0367602 0.0173432 -0.00726526 
0.0173432 0.0941725 -0.0338255 
-0.00726525 -0.0338255 0.024634 
0.0374277 0.0176805 -0.00739554 
0.0176805 0.0958431 -0.0344477 
-0.00739552 -0.0344477 0.0250258 
0.0368053 0.0173695 -0.00726164 
0.0173695 0.094116 -0.0338246 
-0.00726163 -0.0338246 0.0245736 
0.0352513 0.0165729 -0.00691877 
0.0165729 0.0897043 -0.0322252 
-0.00691876 -0.0322252 0.0234306 
0.0328358 0.015245 -0.00633475 
0.015245 0.0822308 -0.0294978 
-0.00633474 -0.0294978 0.0215063 
0.0298752 0.0133491 -0.00546548 
0.0133491 0.0712186 -0.0254299 
-0.00546547 -0.0254299 0.0187028 
0.0274461 0.0110578 -0.00433164 
0.0110578 0.0571068 -0.0201053 
-0.00433163 -0.0201053 0.015183 
0.027421 0.00885571 -0.00307438 
0.00885571 0.0419283 -0.0141664 
-0.00307438 -0.0141664 0.0115352 
0.0314142 0.00734174 -0.00191912 
0.00734174 0.0286876 -0.00865694 
-0.00191912 -0.00865694 0.00856707 
0.0392953 0.00681038 -0.00104369 
0.00681039 0.019508 -0.00441886 
-0.00104368 -0.00441886 0.00678197 
0.0490912 0.00707573 -0.000484985 
0.00707574 0.0144889 -0.00165246 
-0.000484984 -0.00165246 0.00609845 
0.0583835 0.00770526 -0.000171968 
0.00770527 0.0123551 -5.68229e-05 
-0.000171967 -5.68229e-05 0.00608103 
0.0653627 0.00828598 -6.55888e-06 
0.00828599 0.0116686 0.000781522 
-6.55863e-06 0.000781522 0.00628582 
0.0687077 0.00838962 0.000112309 
0.00838963 0.0114261 0.00113768 
0.000112309 0.00113768 0.00638823 
0.0675059 0.00700459 0.000414246 
0.0070046 0.0113421 0.000993855 
0.000414246 0.000993855 0.00619339 
0.0646857 0.000793039 0.0017689 
0.000793049 0.0131504 -0.000332353 
0.0017689 -0.000332353 0.00593062 
0.0758531 -0.0180103 0.00644323 
-0.0180103 0.0231794 -0.00468327 
0.00644323 -0.00468327 0.00704528 
0.121794 -0.0550133 0.0163609 
-0.0550133 0.0479939 -0.0134697 
0.0163609 -0.0134697 0.011457 
0.191311 -0.099343 0.028679 
-0.099343 0.0807391 -0.024111 
0.028679 -0.024111 0.0180708 
0.250847 -0.133906 0.0384439 
-0.133906 0.107378 -0.0324491 
0.0384439 -0.0324491 0.0237162 
0.286474 -0.153774 0.044098 
-0.153774 0.122988 -0.0372566 
0.044098 -0.0372566 0.0270911 
0.301916 -0.162231 0.0465064 
-0.162231 0.129715 -0.039321 
0.0465064 -0.039321 0.0285581 
0.302363 -0.162422 0.0465344 
-0.162422 0.129995 -0.0394367 
0.0465344 -0.0394367 0.0286225 
0.288499 -0.154607 0.0441977 
-0.154607 0.124319 -0.037822 
0.0441977 -0.037822 0.0273984 
0.257141 -0.136289 0.0385707 
-0.136289 0.111934 -0.034479 
0.0385707 -0.034479 0.0247743 
0.209012 -0.105188 0.0283108 
-0.105188 0.0951419 -0.0308596 
0.0283108 -0.0308596 0.0214441 
0.166894 -0.0677874 0.0137958 
-0.0677873 0.0880191 -0.0328519 
0.0137958 -0.0328519 0.0209093 
0.171053 -0.0423155 -0.000627688 
-0.0423154 0.110409 -0.0474333 
-0.000627688 -0.0474333 0.027777 
0.218616 -0.0366493 -0.01028 
-0.0366493 0.154072 -0.0694555 
-0.01028 -0.0694555 0.039574 
0.265317 -0.0398347 -0.0150008 
-0.0398347 0.190438 -0.0866456 
-0.0150008 -0.0866456 0.0491129 
0.290904 -0.0428622 -0.0168902 
-0.0428622 0.209409 -0.0954139 
-0.0168902 -0.0954139 0.0540394 
0.300037 -0.0440887 -0.0174852 
-0.0440886 0.216073 -0.0984686 
-0.0174852 -0.0984686 0.0557633 
0.299959 -0.0440594 -0.0174903 
-0.0440594 0.216032 -0.0984492 
-0.0174903 -0.0984492 0.0557519 
0.293955 -0.0431694 -0.0171446 
-0.0431694 0.211719 -0.0964759 
-0.0171446 -0.0964759 0.0546352 
0.282019 -0.0413993 -0.0164575 
-0.0413993 0.203148 -0.0925484 
-0.0164575 -0.0925484 0.0524133 
0.261983 -0.0384119 -0.0153126 
-0.0384118 0.188789 -0.0859453 
-0.0153126 -0.0859453 0.04868 
0.230506 -0.0336713 -0.0135393 
-0.0336713 0.166312 -0.075542 
-0.0135393 -0.075542 0.0428047 
0.185307 -0.02674 -0.0110595 
-0.02674 0.134265 -0.0605229 
-0.0110595 -0.0605229 0.0343406 
0.129838 -0.0179496 -0.00816952 
-0.0179496 0.0954911 -0.0419015 
-0.00816952 -0.0419015 0.0238882 
0.076727 -0.00900911 -0.00568721 
-0.0090091 0.0594695 -0.0237074 
-0.00568721 -0.0237074 0.0137552 
0.0404705 -0.00218439 -0.00439011 
-0.00218439 0.0365682 -0.0107569 
-0.00439011 -0.0107569 0.00665581 
0.0239258 0.00165232 -0.00420459 
0.00165232 0.0280912 -0.00426782 
-0.00420459 -0.00426782 0.00321716 
0.0192031 0.00328705 -0.00446757 
0.00328705 0.0275637 -0.00191075 
-0.00446757 -0.00191075 0.00206198 
0.0186391 0.00380439 -0.00470536 
0.00380439 0.0292277 -0.0012252 
-0.00470536 -0.0012252 0.00178479 
0.0188415 0.00385237 -0.00479751 
0.00385237 0.0308172 -0.00101756 
-0.00479751 -0.00101756 0.00172764 
0.0189511 0.00371325 -0.00477667 
0.00371325 0.0319714 -0.000909536 
-0.00477667 -0.000909536 0.00169783 
0.0189005 0.00349811 -0.00469325 
0.00349811 0.0328302 -0.000813005 
-0.00469325 -0.000813005 0.00166022 
0.0187577 0.00325114 -0.00458044 
0.00325114 0.0335502 -0.000713709 
-0.00458044 -0.000713709 0.00161487 
0.0185771 0.00299091 -0.00445584 
0.00299091 0.0342244 -0.000611492 
-0.00445584 -0.000611492 0.00156576 
0.0183888 0.00272591 -0.0043281 
0.00272591 0.0348983 -0.000507776 
-0.0043281 -0.000507776 0.00151555 
0.0182077 0.00246058 -0.00420156 
0.00246058 0.0355919 -0.000403714 
-0.00420156 -0.000403714 0.00146574 
0.0180415 0.00219771 -0.0040786 
0.00219771 0.0363124 -0.000300173 
-0.0040786 -0.000300173 0.0014172 
0.0178943 0.00193938 -0.00396073 
0.00193938 0.0370616 -0.000197871 
-0.00396073 -0.000197871 0.00137047 
0.0177687 0.00168732 -0.00384903 
0.00168732 0.0378386 -9.74375e-05 
-0.00384903 -9.74375e-05 0.00132598 
0.0176665 0.00144304 -0.00374435 
0.00144304 0.0386412 5.54428e-07 
-0.00374435 5.54428e-07 0.00128405 
0.0175888 0.00120789 -0.00364737 
0.00120789 0.0394663 9.55903e-05 
-0.00364737 9.55903e-05 0.00124493 
0.0175363 0.000983004 -0.00355861 
0.000983004 0.0403107 0.000187214 
-0.00355861 0.000187214 0.00120885 
0.017509 0.000769345 -0.00347843 
0.000769345 0.0411706 0.000275034 
-0.00347843 0.000275034 0.00117595 
0.0175067 0.000567672 -0.00340704 
0.000567672 0.0420419 0.000358724 
-0.00340704 0.000358724 0.00114631 
