4  11
0.0927299  0.0819696  0.0782871  0.10358  0.0917246  0.076647  0.144958  0.0523282  0.104992  0.0690002  0.103783  
4.33426  -0.616797  1.32979  5.0305  
11.1758  0.25883  0.893005  -0.0820755  
17.6311  -0.457882  1.10822  -1.21194  
24.8316  -0.256469  1.11781  -0.356506  
32.734  -0.43805  0.597489  -0.0984466  
39.8027  1.80839  -0.972493  0.118232  
48.4006  1.49987  -1.63696  0.695247  
55.796  0.146939  -0.779729  0.365253  
62.2804  -0.157411  -0.458573  0.0124507  
70.2671  0.0349396  -0.188431  0.0371843  
75.6699  -0.0319595  -0.267265  0.00966856  
5.45889  0.219137  -0.671545  -4.50272  
0.219137  0.0714678  -0.0755856  -0.21311  
-0.671545  -0.0755856  0.337862  0.536634  
-4.50272  -0.21311  0.536634  3.84877  
5.19546  0.054014  -0.140195  -2.39425  
0.054014  0.0952392  -0.0892502  -0.0456961  
-0.140195  -0.0892502  0.817477  0.126511  
-2.39425  -0.0456961  0.126511  1.23143  
4.8271  -0.347197  0.142508  0.446955  
-0.347197  0.0428787  -0.0134316  -0.0580409  
0.142508  -0.0134316  0.393096  0.0542207  
0.446955  -0.0580409  0.0542207  0.141051  
7.11033  0.23473  -0.321268  0.351558  
0.23473  0.0303591  -0.0184704  0.0123217  
-0.321268  -0.0184704  0.189805  -0.0579793  
0.351558  0.0123217  -0.0579793  0.0521753  
5.7825  0.0673078  -0.304371  0.73469  
0.0673078  0.121423  -0.086202  0.00382725  
-0.304371  -0.086202  0.122533  -0.0788839  
0.73469  0.00382725  -0.0788839  0.193649  
7.11202  1.78154  -0.542752  0.478039  
1.78154  0.694976  -0.227563  0.12902  
-0.542752  -0.227563  0.133202  -0.026143  
0.478039  0.12902  -0.026143  0.0594839  
18.4342  -3.30688  0.0162498  -0.148975  
-3.30688  0.834756  -0.0453796  0.037817  
0.0162498  -0.0453796  0.0678326  -0.00989655  
-0.148975  0.037817  -0.00989655  0.0288541  
8.19776  -0.634774  0.55168  -0.0643079  
-0.634774  0.128589  -0.0719259  -0.00192556  
0.55168  -0.0719259  0.0919215  0.0241502  
-0.0643079  -0.00192556  0.0241502  0.0320064  
9.31318  0.227084  0.140652  -0.0912395  
0.227084  0.00940811  0.00115873  -0.00379453  
0.140652  0.00115873  0.0368153  -0.00149563  
-0.0912395  -0.00379453  -0.00149563  0.00901994  
8.68911  0.301321  0.0429383  0.0229402  
0.301321  0.0320973  0.00105887  -0.00109167  
0.0429383  0.00105887  0.00207868  0.00026884  
0.0229402  -0.00109167  0.00026884  0.00745842  
10.8508  0.153239  0.237658  -0.137242  
0.153239  0.00835433  0.00506629  -0.00176291  
0.237658  0.00506629  0.0119081  -0.00124249  
-0.137242  -0.00176291  -0.00124249  0.00579056  
