4  8
0.105141  0.0583609  0.160224  0.116736  0.160752  0.135099  0.154612  0.109076  
5.4948  1.57579  -0.00947224  3.40949  
13.3225  3.39665  0.2278  7.343  
23.9521  3.15375  2.27589  6.87042  
37.0096  -0.11652  6.42116  5.13294  
49.8204  -2.0729  6.69453  4.66912  
64.2349  -2.41379  5.95316  4.97576  
77.4918  -2.42886  3.00747  6.52572  
90.0181  -2.01939  1.44279  7.25787  
8.23628  2.93829  0.0430515  6.36172  
2.93829  1.10285  -0.00603433  2.27021  
0.0430515  -0.00603433  0.0188954  0.0368787  
6.36172  2.27021  0.0368787  4.95062  
2.79189  0.191278  0.140326  0.330038  
0.191278  0.187531  -0.0498527  -0.0165853  
0.140326  -0.0498527  0.069209  0.0389578  
0.330038  -0.0165853  0.0389578  0.0592736  
24.4092  -1.40119  5.85338  -2.4448  
-1.40119  0.369651  -0.654561  0.188112  
5.85338  -0.654561  1.96216  -0.711103  
-2.4448  0.188112  -0.711103  0.295749  
22.0317  -3.78675  1.19738  -0.641667  
-3.78675  1.30922  -0.592966  0.389378  
1.19738  -0.592966  0.353294  -0.211935  
-0.641667  0.389378  -0.211935  0.156215  
32.648  0.472164  -1.6325  0.844035  
0.472164  0.079163  -0.0445396  0.0821049  
-1.6325  -0.0445396  0.102408  -0.0845846  
0.844035  0.0821049  -0.0845846  0.134447  
26.9713  -0.23573  -3.18078  1.94326  
-0.23573  0.0517941  0.0560973  8.69086e-06  
-3.18078  0.0560973  0.451205  -0.236112  
1.94326  8.69086e-06  -0.236112  0.159807  
27.3217  0.520108  -4.87483  2.14902  
0.520108  0.160368  -0.181567  0.0926163  
-4.87483  -0.181567  1.13224  -0.543505  
2.14902  0.0926163  -0.543505  0.287225  
11.7638  1.40419  -0.0997946  0.715316  
1.40419  0.512265  0.0193217  0.175905  
-0.0997946  0.0193217  0.16837  -0.0394639  
0.715316  0.175905  -0.0394639  0.0938229  
