3,3,95
0.0546029 -0.0213903 0.000658669 
-0.0213903 0.0186681 0.00362515 
0.000658669 0.00362515 0.0368077 
0.0545992 -0.0213889 0.000658625 
-0.0213889 0.0186668 0.0036249 
0.000658625 0.0036249 0.0368052 
0.0545921 -0.0213861 0.00065854 
-0.0213861 0.0186644 0.00362443 
0.00065854 0.00362443 0.0368005 
0.0545778 -0.0213805 0.000658371 
-0.0213805 0.0186595 0.00362347 
0.000658371 0.00362347 0.0367908 
0.0545468 -0.0213684 0.000658007 
-0.0213684 0.018649 0.00362138 
0.000658007 0.00362138 0.0367699 
0.0544698 -0.0213385 0.00065713 
-0.0213385 0.0186233 0.0036161 
0.00065713 0.0036161 0.0367178 
0.0542133 -0.0212393 0.000654289 
-0.0212393 0.0185385 0.00359815 
0.000654289 0.00359815 0.0365439 
0.0529514 -0.0207526 0.000637831 
-0.0207526 0.0181258 0.00350935 
0.000637831 0.00350935 0.0356803 
0.0467942 -0.0183573 0.000403923 
-0.0183573 0.0161509 0.00310778 
0.000403923 0.00310778 0.0310889 
0.040083 -0.0151902 -0.00317158 
-0.0151902 0.0145705 0.00343163 
-0.00317158 0.00343163 0.0180613 
0.0811945 -0.0285025 -0.0168658 
-0.0285025 0.0300886 0.00969717 
-0.0168658 0.00969717 0.0120164 
0.127138 -0.0441035 -0.0280811 
-0.0441035 0.0468191 0.0157347 
-0.0280811 0.0157347 0.0150895 
0.141621 -0.0494454 -0.0312173 
-0.0494454 0.0528677 0.0173048 
-0.0312173 0.0173048 0.0165697 
0.136535 -0.0494881 -0.0291733 
-0.0494881 0.0547393 0.0153459 
-0.0291733 0.0153459 0.0160935 
0.117492 -0.0515007 -0.0205349 
-0.0515007 0.0655652 0.00664236 
-0.0205349 0.00664236 0.0145466 
0.113103 -0.0886914 0.000284926 
-0.0886914 0.144109 -0.0224015 
0.000284926 -0.0224015 0.0170772 
0.189908 -0.203628 0.028526 
-0.203628 0.355252 -0.0778896 
0.028526 -0.0778896 0.0329742 
0.265238 -0.291904 0.0436881 
-0.291904 0.511706 -0.11431 
0.0436881 -0.11431 0.0466438 
0.285571 -0.314533 0.0471664 
-0.314533 0.551454 -0.123258 
0.0471664 -0.123258 0.0502392 
0.288067 -0.317285 0.0475809 
-0.317285 0.55628 -0.124338 
0.0475809 -0.124338 0.0506786 
0.287628 -0.3168 0.0475093 
-0.3168 0.555427 -0.124148 
0.0475093 -0.124148 0.0506015 
0.286363 -0.315401 0.0473033 
-0.315401 0.552967 -0.1236 
0.0473033 -0.1236 0.0503794 
0.284077 -0.312864 0.0469354 
-0.312864 0.548498 -0.122608 
0.0469354 -0.122608 0.0499785 
0.280077 -0.308397 0.0463056 
-0.308397 0.540596 -0.120862 
0.0463056 -0.120862 0.0492787 
0.273277 -0.300714 0.0452795 
-0.300714 0.526903 -0.117865 
0.0452795 -0.117865 0.0480947 
0.262259 -0.287993 0.0437551 
-0.287993 0.503921 -0.112924 
0.0437551 -0.112924 0.0461941 
0.245841 -0.268211 0.041899 
-0.268211 0.467278 -0.105299 
0.041899 -0.105299 0.0434147 
0.224858 -0.24054 0.0407316 
-0.24054 0.413493 -0.0947973 
0.0407316 -0.0947973 0.0400161 
0.205476 -0.208244 0.0430482 
-0.208244 0.344219 -0.0829622 
0.0430482 -0.0829622 0.0373095 
0.201438 -0.181357 0.0536913 
-0.181357 0.271147 -0.0741081 
0.0536913 -0.0741081 0.0380406 
0.228435 -0.17357 0.0770624 
-0.17357 0.214136 -0.0738704 
0.0770624 -0.0738704 0.0452014 
0.289583 -0.191269 0.112189 
-0.191269 0.18779 -0.0845305 
0.112189 -0.0845305 0.059153 
0.368442 -0.22638 0.1513 
-0.22638 0.189557 -0.102174 
0.1513 -0.102174 0.0763638 
0.441219 -0.263461 0.185042 
-0.263461 0.204805 -0.119945 
0.185042 -0.119945 0.0919672 
0.492173 -0.290919 0.207927 
-0.290919 0.219862 -0.132878 
0.207927 -0.132878 0.102846 
0.51655 -0.304242 0.218818 
-0.304242 0.227676 -0.139162 
0.218818 -0.139162 0.108162 
0.515381 -0.303123 0.218639 
-0.303123 0.226089 -0.138815 
0.218639 -0.138815 0.108281 
0.490793 -0.288383 0.208564 
-0.288383 0.214885 -0.132329 
0.208564 -0.132329 0.103862 
0.444573 -0.260842 0.18957 
-0.260842 0.194369 -0.120224 
0.18957 -0.120224 0.0956469 
0.37937 -0.221868 0.163056 
-0.221868 0.165475 -0.103338 
0.163056 -0.103338 0.0848104 
0.30118 -0.174774 0.131926 
-0.174774 0.130675 -0.083485 
0.131926 -0.083485 0.0734825 
0.220863 -0.125747 0.101137 
-0.125747 0.094606 -0.0637879 
0.101137 -0.0637879 0.0648028 
0.151799 -0.0826003 0.0764572 
-0.0826003 0.0630945 -0.0479001 
0.0764572 -0.0479001 0.0618026 
0.103594 -0.0512039 0.0615578 
-0.0512039 0.040455 -0.0381703 
0.0615578 -0.0381703 0.0654909 
0.0772546 -0.0326033 0.0560414 
-0.0326033 0.0273563 -0.0343875 
0.0560414 -0.0343875 0.0740297 
0.0667955 -0.0237369 0.0565383 
-0.0237369 0.0214093 -0.0344559 
0.0565383 -0.0344559 0.0841 
0.0646924 -0.0204398 0.0593867 
-0.0204398 0.0194512 -0.0360756 
0.0593867 -0.0360756 0.0929564 
0.0655774 -0.0195937 0.0622397 
-0.0195937 0.0191527 -0.0377614 
0.0622397 -0.0377614 0.0993005 
0.0667163 -0.0195079 0.0640838 
-0.0195079 0.0192787 -0.0388628 
0.0640838 -0.0388628 0.102924 
0.0670169 -0.0194398 0.0646248 
-0.0194398 0.0193108 -0.0391841 
0.0646248 -0.0391841 0.10402 
0.0660695 -0.0190849 0.0637693 
-0.0190849 0.0190644 -0.0386608 
0.0637693 -0.0386608 0.10271 
0.0636267 -0.0182722 0.0613685 
-0.0182722 0.0184878 -0.0371974 
0.0613685 -0.0371974 0.098848 
0.0594573 -0.0168289 0.0571779 
-0.0168289 0.0176249 -0.0346381 
0.0571779 -0.0346381 0.0920611 
0.0534753 -0.0145448 0.0509978 
-0.0145448 0.0167052 -0.0308475 
0.0509978 -0.0308475 0.0820068 
0.0460746 -0.0112129 0.0429807 
-0.0112129 0.0163025 -0.0258929 
0.0429807 -0.0258929 0.068878 
0.038451 -0.00674101 0.0339649 
-0.00674101 0.0173933 -0.0202479 
0.0339649 -0.0202479 0.0539484 
0.0324339 -0.00129882 0.025457 
-0.00129882 0.0210236 -0.0147979 
0.025457 -0.0147979 0.039582 
0.0295565 0.00461829 0.018976 
0.00461829 0.027559 -0.010468 
0.018976 -0.010468 0.0282359 
0.03004 0.010326 0.0151871 
0.010326 0.0361654 -0.00771052 
0.0151871 -0.00771053 0.021092 
0.032777 0.0152261 0.0136878 
0.0152261 0.0451968 -0.00635473 
0.0136878 -0.00635474 0.0176651 
0.0362394 0.0190001 0.0135525 
0.0190001 0.0531182 -0.00590181 
0.0135525 -0.00590182 0.0165998 
0.0392818 0.0216003 0.0139442 
0.0216003 0.0590659 -0.00588026 
0.0139442 -0.00588027 0.0166157 
0.0413271 0.023115 0.0143455 
0.023115 0.0627979 -0.0059992 
0.0143455 -0.00599921 0.016897 
0.0421829 0.0236287 0.0145075 
0.0236287 0.0643953 -0.00614711 
0.0145075 -0.00614713 0.0170463 
0.041845 0.0231237 0.0143371 
0.0231237 0.0640611 -0.00637058 
0.0143371 -0.00637059 0.0169386 
0.0404586 0.0214167 0.0138418 
0.0214167 0.0621617 -0.00691825 
0.0138418 -0.00691827 0.0166614 
0.0384824 0.0181155 0.0131608 
0.0181155 0.0595621 -0.00838216 
0.0131608 -0.00838217 0.0165893 
0.0370131 0.0126259 0.0126629 
0.0126259 0.0581831 -0.0118899 
0.0126629 -0.01189 0.0175551 
0.0379993 0.00429996 0.0130135 
0.00429995 0.0613386 -0.0191159 
0.0130135 -0.0191159 0.0209168 
0.0437721 -0.00716897 0.0150105 
-0.00716898 0.0729002 -0.031688 
0.0150105 -0.031688 0.0281464 
0.0556056 -0.0212238 0.0190887 
-0.0212238 0.0948495 -0.0499182 
0.0190887 -0.0499182 0.0398062 
0.0723586 -0.0363011 0.0248545 
-0.0363011 0.125032 -0.0718826 
0.0248545 -0.0718826 0.0547019 
0.0908698 -0.0504425 0.0312211 
-0.0504425 0.157916 -0.0941438 
0.0312211 -0.0941437 0.070319 
0.107882 -0.0622059 0.0370701 
-0.0622059 0.187909 -0.113619 
0.0370701 -0.113619 0.0842594 
0.121535 -0.0710867 0.0417634 
-0.0710867 0.211877 -0.128802 
0.0417634 -0.128802 0.0952602 
0.131473 -0.0773125 0.0451788 
-0.0773125 0.229277 -0.139664 
0.0451788 -0.139664 0.103187 
0.138165 -0.0814117 0.0474789 
-0.0814117 0.240979 -0.146904 
0.0474789 -0.146904 0.108495 
0.142227 -0.0838673 0.0488747 
-0.0838673 0.248073 -0.151271 
0.0488747 -0.151271 0.111704 
0.14393 -0.0848875 0.0494591 
-0.0848875 0.251034 -0.153091 
0.0494591 -0.15309 0.113042 
0.142818 -0.0841857 0.0490703 
-0.0841857 0.248994 -0.151837 
0.0490703 -0.151837 0.11212 
0.13744 -0.0806956 0.0471842 
-0.0806956 0.239021 -0.145663 
0.0471842 -0.145663 0.107596 
0.126108 -0.0724193 0.0431004 
-0.0724193 0.216311 -0.131346 
0.0431004 -0.131346 0.0971989 
0.111034 -0.0572801 0.037177 
-0.0572801 0.17847 -0.106436 
0.037177 -0.106436 0.0794891 
0.104987 -0.0358741 0.0329759 
-0.0358741 0.134942 -0.0746584 
0.0329759 -0.0746584 0.0579777 
0.125353 -0.0133625 0.0358656 
-0.0133625 0.106636 -0.0472708 
0.0358656 -0.0472708 0.0415339 
0.171268 0.00441471 0.0463041 
0.00441471 0.10378 -0.0323744 
0.0463041 -0.0323744 0.0354443 
0.222887 0.0157882 0.0590647 
0.0157882 0.116491 -0.0278635 
0.0590647 -0.0278635 0.0366906 
0.264607 0.022306 0.0696964 
0.022306 0.13171 -0.0280174 
0.0696964 -0.0280174 0.0402109 
0.293107 0.0259188 0.0770593 
0.0259188 0.143659 -0.0293157 
0.0770593 -0.0293157 0.0434049 
0.311155 0.0279377 0.0817537 
0.0279377 0.151722 -0.0305197 
0.0817537 -0.0305197 0.0456799 
0.322299 0.029095 0.0846631 
0.029095 0.156867 -0.0313903 
0.0846631 -0.0313903 0.0471688 
0.329187 0.029779 0.0864653 
0.029779 0.160105 -0.0319729 
0.0864653 -0.0319729 0.0481186 
0.333502 0.0301958 0.0875954 
0.0301958 0.162154 -0.0323543 
0.0875954 -0.0323543 0.0487243 
0.336249 0.0304567 0.0883155 
0.0304567 0.163467 -0.0326035 
0.0883155 -0.0326035 0.0491142 
0.338022 0.0306233 0.0887805 
0.0306233 0.164318 -0.0327669 
0.0887805 -0.0327669 0.0493676 
