3,3,100
0.0269214 -0.000584315 0.00156274 
-0.000584315 0.106022 0.0495727 
0.00156274 0.0495727 0.0756325 
0.0269152 -0.000584179 0.00156238 
-0.000584179 0.105997 0.0495612 
0.00156238 0.0495612 0.0756149 
0.0268973 -0.000583789 0.00156134 
-0.000583789 0.105927 0.0495283 
0.00156134 0.0495283 0.0755647 
0.0268408 -0.000582535 0.00155805 
-0.000582535 0.105704 0.0494242 
0.00155805 0.0494242 0.075406 
0.0266518 -0.00057806 0.00154685 
-0.00057806 0.10496 0.0490753 
0.00154685 0.0490753 0.0748746 
0.0260125 -0.000559297 0.0015068 
-0.000559297 0.102442 0.0478877 
0.0015068 0.0478877 0.0730762 
0.0239703 -0.000456088 0.00135249 
-0.000456088 0.0943949 0.0440006 
0.00135249 0.0440006 0.0673079 
0.0187055 0.000222819 0.000703078 
0.000222819 0.0736191 0.0330898 
0.000703078 0.0330898 0.0522203 
0.0112117 0.00354093 -0.00165496 
0.00354093 0.0438731 0.0124906 
-0.00165496 0.0124906 0.0295079 
0.00876731 0.0106301 -0.00608382 
0.0106301 0.033725 -0.00717169 
-0.00608382 -0.00717169 0.0189412 
0.0104322 0.0162808 -0.00944088 
0.0162808 0.0398587 -0.0163379 
-0.00944088 -0.0163379 0.0206346 
0.0112628 0.0180002 -0.0104146 
0.0180002 0.0429967 -0.0184804 
-0.0104146 -0.0184804 0.0220754 
0.0107235 0.0171279 -0.00981564 
0.0171279 0.0409273 -0.0173892 
-0.00981564 -0.0173892 0.0210768 
0.00918503 0.0145449 -0.00808147 
0.0145449 0.0350355 -0.0141354 
-0.00808147 -0.0141354 0.0182601 
0.00696089 0.0106846 -0.00526206 
0.0106846 0.026499 -0.00869843 
-0.00526206 -0.00869843 0.0143873 
0.00489775 0.00675089 -0.0017485 
0.00675089 0.0185257 -0.00155711 
-0.0017485 -0.00155711 0.0113668 
0.00417367 0.00463905 0.00134784 
0.00463905 0.0156137 0.00530055 
0.00134784 0.00530055 0.0114926 
0.00466475 0.00452623 0.00318476 
0.00452623 0.0173484 0.00984369 
0.00318476 0.00984369 0.0139129 
0.00526672 0.00496411 0.00396913 
0.00496411 0.0195645 0.0119856 
0.00396913 0.0119856 0.0159448 
0.00554193 0.00520728 0.00422192 
0.00520728 0.0205846 0.0127162 
0.00422192 0.0127162 0.0168012 
0.00558076 0.00525215 0.00424796 
0.00525215 0.0207313 0.0127893 
0.00424796 0.0127893 0.0168919 
0.00550192 0.00521849 0.0041567 
0.00521849 0.0204497 0.0125044 
0.0041567 0.0125044 0.0165333 
0.00540183 0.0052732 0.00396504 
0.0052732 0.0201192 0.0118909 
0.00396504 0.0118909 0.0157901 
0.0055155 0.00586826 0.00367299 
0.00586826 0.0206768 0.010892 
0.00367299 0.010892 0.0146912 
0.00648796 0.00816807 0.0033393 
0.00816807 0.0246733 0.00954822 
0.0033393 0.00954822 0.0135411 
0.0095597 0.0143161 0.00315126 
0.0143161 0.0369876 0.00818412 
0.00315126 0.00818412 0.0132092 
0.016082 0.0265537 0.00338532 
0.0265537 0.0629091 0.00739438 
0.00338532 0.00739438 0.0149183 
0.0261764 0.0449293 0.00418508 
0.0449293 0.102875 0.00762684 
0.00418508 0.00762684 0.0192306 
0.0379793 0.0660832 0.00537736 
0.0660832 0.149536 0.00875072 
0.00537736 0.00875072 0.0252497 
0.0487029 0.0851341 0.0065899 
0.0851341 0.191978 0.0101875 
0.0065899 0.0101875 0.0311977 
0.0561268 0.09822 0.00750356 
0.09822 0.221708 0.0113726 
0.00750356 0.0113726 0.0355454 
0.0589587 0.103021 0.00797851 
0.103021 0.234411 0.0120323 
0.00797851 0.0120323 0.0374861 
0.0565268 0.0980723 0.00811642 
0.0980723 0.229638 0.0123242 
0.00811642 0.0123242 0.0370018 
0.0490026 0.0829202 0.00844353 
0.0829202 0.213287 0.0131439 
0.00844353 0.0131439 0.035356 
0.0385116 0.060015 0.0100969 
0.060015 0.202486 0.016406 
0.0100969 0.016406 0.0358735 
0.0294176 0.0361114 0.0142571 
0.0361114 0.220809 0.0240345 
0.0142571 0.0240345 0.0426976 
0.0253313 0.0188583 0.0205282 
0.0188583 0.274329 0.0352226 
0.0205282 0.0352226 0.0560463 
0.0258371 0.0110895 0.0264898 
0.0110895 0.338605 0.045759 
0.0264898 0.045759 0.0701197 
0.028187 0.0110418 0.0297679 
0.0110418 0.383968 0.0516072 
0.0297679 0.0516072 0.0784813 
0.0308159 0.0167897 0.0296636 
0.0167897 0.401333 0.0516495 
0.0296637 0.0516495 0.0789821 
0.0341842 0.0284383 0.02679 
0.0284383 0.401042 0.0470284 
0.02679 0.0470284 0.0731782 
0.0399146 0.0476772 0.0222372 
0.0476772 0.402021 0.0397045 
0.0222372 0.0397045 0.0641064 
0.0497621 0.0763153 0.0171715 
0.0763153 0.423715 0.0317499 
0.0171715 0.0317499 0.05503 
0.0645122 0.114311 0.012643 
0.114311 0.478644 0.0249763 
0.012643 0.0249763 0.0486651 
0.0829555 0.158026 0.00934103 
0.158026 0.564679 0.0204659 
0.00934103 0.0204659 0.0463146 
0.101738 0.200221 0.00739598 
0.200221 0.662756 0.0182225 
0.00739598 0.0182225 0.0473843 
0.116521 0.232337 0.00644767 
0.232337 0.744362 0.0173358 
0.00644767 0.0173358 0.0499473 
0.123639 0.247405 0.00594251 
0.247405 0.78367 0.0165362 
0.00594251 0.0165362 0.0520628 
0.121134 0.24166 0.00540558 
0.24166 0.765837 0.0146394 
0.00540558 0.0146394 0.0529745 
0.109134 0.214981 0.00454845 
0.214981 0.690181 0.0106443 
0.00454845 0.0106443 0.053831 
0.0901679 0.171466 0.00327015 
0.171466 0.572143 0.00370173 
0.00327015 0.00370172 0.0579571 
0.0692182 0.119931 0.0016407 
0.119931 0.44318 -0.00668292 
0.0016407 -0.00668293 0.0700511 
0.0521985 0.0718977 -0.000129394 
0.0718977 0.340576 -0.0201085 
-0.000129394 -0.0201085 0.0933394 
0.0427652 0.036193 -0.00177765 
0.036193 0.286838 -0.0349237 
-0.00177765 -0.0349237 0.126085 
0.0404238 0.0147592 -0.00311175 
0.0147592 0.277825 -0.0488123 
-0.00311175 -0.0488123 0.161676 
0.0420979 0.00407205 -0.00407201 
0.00407205 0.293218 -0.0600113 
-0.00407201 -0.0600113 0.193053 
0.0448949 -0.000539553 -0.00470183 
-0.000539553 0.314377 -0.0679638 
-0.00470183 -0.0679638 0.216544 
0.0472891 -0.00234009 -0.00508316 
-0.00234009 0.331744 -0.0730253 
-0.00508316 -0.0730253 0.231957 
0.0488086 -0.00299731 -0.00529064 
-0.00299731 0.342549 -0.0758312 
-0.00529064 -0.0758312 0.240644 
0.0494052 -0.00321229 -0.00537574 
-0.00321229 0.346491 -0.0768286 
-0.00537574 -0.0768286 0.243769 
0.0491039 -0.00324104 -0.0053831 
-0.00324104 0.342869 -0.0760284 
-0.0053831 -0.0760285 0.241359 
0.0481323 -0.00317396 -0.00543885 
-0.00317396 0.329306 -0.0728744 
-0.00543885 -0.0728744 0.232007 
0.0479563 -0.00309924 -0.00603562 
-0.00309924 0.302166 -0.0662577 
-0.00603562 -0.0662577 0.213546 
0.0537711 -0.00327171 -0.00864479 
-0.00327171 0.259802 -0.054941 
-0.00864478 -0.054941 0.185769 
0.076783 -0.0042517 -0.0162054 
-0.0042517 0.208504 -0.0386534 
-0.0162054 -0.0386534 0.154883 
0.129612 -0.00669104 -0.0318194 
-0.00669104 0.164093 -0.0192302 
-0.0318194 -0.0192302 0.133813 
0.212666 -0.0106481 -0.0552548 
-0.0106481 0.141045 -0.000151484 
-0.0552548 -0.000151486 0.132464 
0.308344 -0.0152783 -0.0816447 
-0.0152783 0.13999 0.0155789 
-0.0816447 0.0155789 0.148225 
0.393764 -0.0194672 -0.104924 
-0.0194672 0.15058 0.0267849 
-0.104924 0.0267849 0.170105 
0.453851 -0.0225286 -0.12117 
-0.0225286 0.162097 0.0336177 
-0.12117 0.0336177 0.188152 
0.481902 -0.0243734 -0.128611 
-0.0243734 0.168263 0.0364018 
-0.128611 0.0364018 0.196688 
0.475408 -0.0257064 -0.126345 
-0.0257064 0.167327 0.0347335 
-0.126345 0.0347335 0.193235 
0.438259 -0.0291237 -0.114605 
-0.0291237 0.164105 0.0268321 
-0.114605 0.0268321 0.179271 
0.394106 -0.0411511 -0.0978679 
-0.0411511 0.176587 0.0093764 
-0.0978679 0.0093764 0.1656 
0.394871 -0.0714822 -0.0875494 
-0.0714822 0.236136 -0.0205655 
-0.0875494 -0.0205655 0.175165 
0.483275 -0.123173 -0.0947504 
-0.123173 0.358979 -0.060546 
-0.0947504 -0.060546 0.225376 
0.634819 -0.183431 -0.116945 
-0.183431 0.513992 -0.100983 
-0.116945 -0.100983 0.302731 
0.782846 -0.234275 -0.141409 
-0.234275 0.649687 -0.132535 
-0.141409 -0.132535 0.375819 
0.88684 -0.267747 -0.159376 
-0.267747 0.740611 -0.152474 
-0.159376 -0.152474 0.426471 
0.941737 -0.284913 -0.169033 
-0.284913 0.787668 -0.162518 
-0.169033 -0.162518 0.453056 
0.949789 -0.287349 -0.170439 
-0.287349 0.794909 -0.164095 
-0.170439 -0.164095 0.456959 
0.899517 -0.271059 -0.161494 
-0.271059 0.754619 -0.155785 
-0.161494 -0.155785 0.432662 
0.767061 -0.22473 -0.138217 
-0.22473 0.653458 -0.134838 
-0.138217 -0.134838 0.368261 
0.557167 -0.137523 -0.102416 
-0.137523 0.514482 -0.1059 
-0.102416 -0.1059 0.264719 
0.346734 -0.0187074 -0.0689907 
-0.0187074 0.423763 -0.0865974 
-0.0689907 -0.0865974 0.157526 
0.216263 0.097581 -0.0516166 
0.097581 0.433544 -0.0878179 
-0.0516166 -0.0878179 0.0864674 
0.162564 0.179903 -0.0471764 
0.179903 0.490986 -0.0989808 
-0.0471764 -0.0989808 0.0534959 
0.140524 0.215629 -0.0455197 
0.215629 0.517753 -0.104149 
-0.0455197 -0.104149 0.0397137 
0.116905 0.200558 -0.0396002 
0.200558 0.464474 -0.0931295 
-0.0396002 -0.0931295 0.0305505 
0.0799564 0.137613 -0.0273784 
0.137613 0.322 -0.0635787 
-0.0273784 -0.0635787 0.0200614 
0.0426805 0.0582446 -0.0141363 
0.0582446 0.15839 -0.0285298 
-0.0141363 -0.0285298 0.0101758 
0.0252086 0.0077337 -0.00741127 
0.0077337 0.0684944 -0.00746739 
-0.00741127 -0.00746739 0.00537855 
0.023405 -0.0101772 -0.00626241 
-0.0101772 0.0471732 -0.000833466 
-0.00626241 -0.000833466 0.00460677 
0.0249924 -0.0147119 -0.00654968 
-0.0147119 0.0467294 0.000460544 
-0.00654968 0.000460544 0.00483488 
0.0260055 -0.0158142 -0.00679709 
-0.0158142 0.0481441 0.000656966 
-0.00679709 0.000656966 0.00501978 
0.026404 -0.0161111 -0.0068993 
-0.0161111 0.0488302 0.000686193 
-0.0068993 0.000686194 0.00509549 
0.0265362 -0.016197 -0.00693368 
-0.016197 0.04907 0.000691447 
-0.00693368 0.000691447 0.00512089 
0.0265765 -0.016222 -0.0069442 
-0.016222 0.0491441 0.000692651 
-0.0069442 0.000692651 0.00512866 
0.0265881 -0.0162291 -0.00694722 
-0.0162291 0.0491655 0.000692964 
-0.00694722 0.000692965 0.00513089 
0.0265913 -0.0162311 -0.00694806 
-0.0162311 0.0491714 0.000693049 
-0.00694806 0.000693049 0.00513151 
