3,3,100
0.0371324 0.0259961 -0.0165181 
0.0259961 0.163061 0.00670568 
-0.0165181 0.00670568 0.102255 
0.0370856 0.0259623 -0.0164956 
0.0259623 0.162852 0.00670108 
-0.0164956 0.00670108 0.102126 
0.0369648 0.0258745 -0.016437 
0.0258745 0.162312 0.00669003 
-0.016437 0.00669003 0.101793 
0.0367474 0.0257159 -0.0163303 
0.0257159 0.161338 0.0066732 
-0.0163303 0.0066732 0.101193 
0.036391 0.0254532 -0.0161515 
0.0254532 0.159734 0.00665436 
-0.0161515 0.00665436 0.10021 
0.0358225 0.0250273 -0.0158556 
0.0250273 0.157155 0.00664823 
-0.0158556 0.00664823 0.0986399 
0.034924 0.0243349 -0.0153582 
0.0243349 0.153021 0.00670497 
-0.0153582 0.00670497 0.0961558 
0.0335259 0.0232017 -0.0144982 
0.0232017 0.146422 0.00698655 
-0.0144982 0.00698655 0.0922817 
0.0314616 0.0213559 -0.0129623 
0.0213559 0.136165 0.00799897 
-0.0129623 0.00799897 0.0865348 
0.0288573 0.0184612 -0.010152 
0.0184612 0.121541 0.0112336 
-0.010152 0.0112336 0.0791966 
0.0269845 0.0143706 -0.00503405 
0.0143706 0.105048 0.0205063 
-0.00503405 0.0205063 0.0736074 
0.0293831 0.00972792 0.00364504 
0.00972792 0.096773 0.0427998 
0.00364504 0.0427998 0.0792306 
0.0401424 0.00617455 0.0159492 
0.00617455 0.11104 0.0830764 
0.0159492 0.0830764 0.107137 
0.0574574 0.00481202 0.0290352 
0.00481202 0.146959 0.132831 
0.0290352 0.132831 0.152725 
0.0734887 0.00491521 0.0390471 
0.00491521 0.184275 0.174179 
0.0390471 0.174179 0.195144 
0.0835367 0.00532203 0.0447948 
0.00532203 0.208682 0.198911 
0.0447948 0.198911 0.221785 
0.0884027 0.00558682 0.0474738 
0.00558682 0.220703 0.210654 
0.0474738 0.210654 0.234697 
0.0903937 0.00570615 0.0485531 
0.00570615 0.225654 0.215421 
0.0485531 0.215421 0.239981 
0.0910988 0.00574992 0.0489331 
0.00574992 0.227412 0.217104 
0.0489331 0.217104 0.241853 
0.0912789 0.00576145 0.0490299 
0.00576145 0.227862 0.217533 
0.0490299 0.217533 0.242331 
0.091224 0.0057589 0.0490005 
0.0057589 0.227728 0.217403 
0.0490005 0.217403 0.242184 
0.0910041 0.0057481 0.0488823 
0.0057481 0.227187 0.216878 
0.0488823 0.216878 0.241597 
0.0905807 0.0057314 0.0486549 
0.0057314 0.226157 0.215867 
0.0486549 0.215867 0.240462 
0.0898436 0.00571618 0.0482591 
0.00571618 0.2244 0.214104 
0.0482591 0.214104 0.238471 
0.0886149 0.00573246 0.0475992 
0.00573246 0.221583 0.211158 
0.0475992 0.211158 0.235106 
0.086655 0.00587733 0.0465469 
0.00587733 0.217408 0.206435 
0.0465469 0.206435 0.229607 
0.0837096 0.00642027 0.044966 
0.00642027 0.212 0.199275 
0.044966 0.199275 0.220987 
0.079656 0.00802028 0.0427918 
0.00802028 0.206832 0.189255 
0.0427918 0.189255 0.208188 
0.0748104 0.012086 0.0401963 
0.012086 0.206401 0.176861 
0.0401963 0.176861 0.190523 
0.0703631 0.0211634 0.0378232 
0.0211634 0.220269 0.164451 
0.0378232 0.164451 0.168439 
0.0686402 0.0389046 0.0369276 
0.0389046 0.263598 0.15689 
0.0369276 0.15689 0.144263 
0.0726209 0.0689443 0.0391157 
0.0689443 0.353019 0.160611 
0.0391157 0.160611 0.122119 
0.0844654 0.112654 0.0455498 
0.112654 0.497225 0.180523 
0.0455498 0.180523 0.106384 
0.10394 0.167291 0.0560998 
0.167291 0.688349 0.216596 
0.0560998 0.216596 0.0994359 
0.128196 0.226444 0.0692241 
0.226444 0.902661 0.263242 
0.0692241 0.263242 0.100547 
0.153117 0.282589 0.082698 
0.282589 1.11052 0.312046 
0.082698 0.312046 0.106763 
0.174926 0.329495 0.0944756 
0.329495 1.28655 0.355119 
0.0944756 0.355119 0.1146 
0.190897 0.362941 0.103065 
0.362941 1.41331 0.386608 
0.103065 0.386608 0.121168 
0.199192 0.380022 0.107418 
0.380022 1.47923 0.402295 
0.107418 0.402295 0.124382 
0.19853 0.378259 0.106695 
0.378259 1.47584 0.398598 
0.106695 0.398598 0.12276 
0.188322 0.355579 0.100244 
0.355579 1.39887 0.372271 
0.100244 0.372271 0.115382 
0.169644 0.311773 0.0879996 
0.311773 1.25531 0.321609 
0.0879996 0.321609 0.102316 
0.146536 0.251028 0.0711773 
0.251028 1.07328 0.249009 
0.0711773 0.249009 0.0853467 
0.125951 0.183195 0.052596 
0.183195 0.902568 0.162952 
0.052596 0.162952 0.0681198 
0.114754 0.120882 0.0358038 
0.120882 0.794051 0.0763666 
0.0358038 0.0763666 0.0547199 
0.115458 0.0733249 0.0233132 
0.0733249 0.769214 0.00120204 
0.0233132 0.00120204 0.0473687 
0.125042 0.0426233 0.0155694 
0.0426233 0.810402 -0.0562993 
0.0155694 -0.0562993 0.0454537 
0.137788 0.025381 0.0114804 
0.025381 0.879642 -0.0958404 
0.0114804 -0.0958404 0.046665 
0.148632 0.016648 0.00957148 
0.016648 0.94203 -0.120197 
0.00957148 -0.120197 0.048658 
0.154392 0.0124464 0.00869679 
0.0124464 0.974917 -0.132485 
0.00869679 -0.132485 0.0498428 
0.153358 0.0103172 0.00817805 
0.0103172 0.965449 -0.134908 
0.00817805 -0.134908 0.0493655 
0.144699 0.00896402 0.00771004 
0.00896402 0.906222 -0.128772 
0.00771004 -0.128772 0.0469146 
0.128605 0.00782296 0.00728377 
0.00782296 0.795218 -0.115331 
0.00728377 -0.115331 0.0427692 
0.107276 0.00681391 0.00717889 
0.00681391 0.641339 -0.0971869 
0.00717889 -0.0971869 0.0381203 
0.085724 0.00619219 0.00790349 
0.00619219 0.470438 -0.0792452 
0.00790349 -0.0792452 0.0351811 
0.0703188 0.00630436 0.00989026 
0.00630436 0.320084 -0.067397 
0.00989026 -0.067397 0.0362562 
0.0647614 0.00723409 0.0130459 
0.00723409 0.21881 -0.0648116 
0.0130459 -0.0648116 0.0419339 
0.0675776 0.00866219 0.0166761 
0.00866219 0.169239 -0.069757 
0.0166761 -0.069757 0.0504019 
0.0742607 0.0101155 0.0199654 
0.0101155 0.15434 -0.0777936 
0.0199654 -0.0777936 0.058944 
0.0809391 0.0112731 0.0224443 
0.0112731 0.155042 -0.0852636 
0.0224443 -0.0852636 0.0657269 
0.0857671 0.0120319 0.0240308 
0.0120319 0.159526 -0.0905209 
0.0240308 -0.0905209 0.0701832 
0.0882948 0.0124025 0.0248232 
0.0124025 0.162655 -0.0932459 
0.0248232 -0.0932459 0.0724282 
0.0885051 0.0123896 0.0249148 
0.0123896 0.162603 -0.0934861 
0.0249148 -0.0934861 0.072649 
0.0862582 0.0118996 0.0243126 
0.0118996 0.158536 -0.0911186 
0.0243126 -0.0911186 0.070794 
0.0811872 0.0106338 0.022957 
0.0106338 0.149844 -0.0857648 
0.022957 -0.0857648 0.0665497 
0.0730383 0.00793058 0.0208597 
0.00793058 0.136725 -0.0771606 
0.0208597 -0.0771606 0.0596195 
0.0624646 0.00262567 0.0183632 
0.00262567 0.12184 -0.0659995 
0.0183632 -0.0659995 0.0503485 
0.0517857 -0.00671765 0.0163385 
-0.00671765 0.111521 -0.0547329 
0.0163385 -0.0547329 0.0403677 
0.0444133 -0.0207596 0.0158723 
-0.0207596 0.113374 -0.0469569 
0.0158723 -0.0469569 0.0322923 
0.0425068 -0.038023 0.0173727 
-0.038023 0.129989 -0.0449177 
0.0173727 -0.0449177 0.0280418 
0.0452598 -0.0549173 0.0200173 
-0.0549173 0.155552 -0.0476758 
0.0200173 -0.0476758 0.0274398 
0.0500357 -0.0674598 0.0222241 
-0.0674598 0.180174 -0.052257 
0.0222241 -0.052257 0.0288 
0.054795 -0.0726923 0.022386 
-0.0726923 0.196475 -0.0561152 
0.022386 -0.0561152 0.030537 
0.0595758 -0.0685699 0.018993 
-0.0685699 0.20251 -0.0585081 
0.018993 -0.0585081 0.0321656 
0.0670097 -0.053108 0.0102591 
-0.053108 0.201921 -0.0607816 
0.0102591 -0.0607816 0.0345684 
0.0824114 -0.024008 -0.00612383 
-0.024008 0.203749 -0.066325 
-0.00612383 -0.066325 0.0399773 
0.112674 0.0204421 -0.0324297 
0.0204421 0.221044 -0.079882 
-0.0324297 -0.079882 0.0514592 
0.162597 0.0791553 -0.0691932 
0.0791553 0.265346 -0.105227 
-0.0691932 -0.105227 0.0712979 
0.229905 0.146343 -0.113352 
0.146343 0.338006 -0.141827 
-0.113352 -0.141827 0.0987652 
0.304212 0.212632 -0.158546 
0.212632 0.426739 -0.183828 
-0.158546 -0.183828 0.129559 
0.372489 0.26923 -0.198129 
0.26923 0.512931 -0.223293 
-0.198129 -0.223293 0.15811 
0.425667 0.311339 -0.22807 
0.311339 0.582193 -0.254429 
-0.22807 -0.254429 0.180464 
0.460274 0.338036 -0.247235 
0.338036 0.628045 -0.274836 
-0.247235 -0.274836 0.195054 
0.475571 0.349754 -0.255663 
0.349754 0.64848 -0.28388 
-0.255663 -0.28388 0.201509 
0.469818 0.345671 -0.252607 
0.345671 0.640852 -0.28045 
-0.252607 -0.28045 0.199069 
0.438334 0.322521 -0.235561 
0.322521 0.599434 -0.261792 
-0.235561 -0.261792 0.185753 
0.3758 0.276404 -0.201469 
0.276404 0.519487 -0.224957 
-0.201469 -0.224957 0.159349 
0.284955 0.209245 -0.151317 
0.209245 0.410384 -0.172098 
-0.151317 -0.172098 0.121112 
0.185536 0.135428 -0.0951065 
0.135428 0.306014 -0.115638 
-0.0951065 -0.115638 0.0795263 
0.105595 0.0755876 -0.0478696 
0.0755876 0.245251 -0.0723784 
-0.0478696 -0.0723784 0.0464874 
0.0583644 0.0396778 -0.0176292 
0.0396778 0.235839 -0.0492659 
-0.0176292 -0.0492659 0.0274243 
0.0371552 0.0230481 -0.00193061 
0.0230481 0.255678 -0.0411094 
-0.00193061 -0.0411094 0.019279 
0.0296891 0.0167938 0.00527772 
0.0167938 0.281768 -0.0400026 
0.00527772 -0.0400026 0.0167413 
0.0277531 0.0148608 0.00845494 
0.0148608 0.30339 -0.0410875 
0.00845494 -0.0410875 0.0163395 
0.0276131 0.0144361 0.00988215 
0.0144361 0.318554 -0.0424221 
0.00988215 -0.0424221 0.0165451 
0.027911 0.0144563 0.0105583 
0.0144563 0.32846 -0.0434771 
0.0105583 -0.0434771 0.0168351 
0.0282332 0.0145707 0.0109006 
0.0145707 0.334755 -0.0442101 
0.0109006 -0.0442101 0.0170726 
0.0284849 0.0146798 0.0110854 
0.0146798 0.338734 -0.0446962 
0.0110854 -0.0446962 0.017242 
0.0286631 0.014763 0.0111911 
0.014763 0.341266 -0.0450139 
0.0111911 -0.0450139 0.017357 
0.0287852 0.0148221 0.0112544 
0.0148221 0.342898 -0.0452221 
0.0112544 -0.0452221 0.017434 
