3,3,95
0.0723787 -0.0257315 -0.00571417 
-0.0257315 0.0348737 0.00828493 
-0.00571417 0.00828493 0.0340621 
0.0723748 -0.0257301 -0.00571386 
-0.0257301 0.0348718 0.00828449 
-0.00571386 0.00828449 0.0340603 
0.0723661 -0.025727 -0.00571318 
-0.025727 0.0348677 0.00828349 
-0.00571318 0.00828349 0.0340562 
0.0723448 -0.0257194 -0.00571149 
-0.0257194 0.0348574 0.00828104 
-0.00571149 0.00828104 0.0340461 
0.0722807 -0.0256967 -0.00570641 
-0.0256967 0.0348266 0.0082737 
-0.00570641 0.0082737 0.034016 
0.0719997 -0.0255969 -0.0056841 
-0.0255969 0.0346918 0.00824141 
-0.0056841 0.00824141 0.0338838 
0.0702673 -0.0249822 -0.00554554 
-0.0249822 0.0338638 0.00804177 
-0.00554554 0.00804177 0.0330708 
0.060138 -0.0213787 -0.00469197 
-0.0213787 0.0291099 0.00685221 
-0.00469197 0.00685221 0.0284183 
0.0297771 -0.0103753 -0.00137318 
-0.0103753 0.0162912 0.00291009 
-0.00137318 0.00291009 0.0163089 
0.00846242 -0.00195872 0.00340722 
-0.00195872 0.0118208 -0.00106035 
0.00340722 -0.00106035 0.0137732 
0.00616083 -0.000606858 0.00575009 
-0.000606858 0.0148667 -0.00240635 
0.00575009 -0.00240635 0.0178522 
0.0064394 -0.000959187 0.00629148 
-0.000959187 0.0169083 -0.0027678 
0.00629148 -0.0027678 0.0188193 
0.00732659 -0.00309627 0.00641928 
-0.00309627 0.0216458 -0.00329513 
0.00641928 -0.00329513 0.0172796 
0.0136826 -0.0134173 0.00901463 
-0.0134173 0.0492045 -0.00661874 
0.00901463 -0.00661874 0.0162037 
0.0376167 -0.0455909 0.0213839 
-0.0455909 0.145261 -0.0187212 
0.0213839 -0.0187212 0.0262124 
0.064733 -0.0798211 0.0362644 
-0.0798211 0.251539 -0.0322984 
0.0362644 -0.0322984 0.0422289 
0.0738866 -0.0911647 0.0413673 
-0.0911647 0.287168 -0.0368677 
0.0413673 -0.0368677 0.0480744 
0.074917 -0.0924288 0.0419375 
-0.0924288 0.29115 -0.0373777 
0.0419375 -0.0373777 0.0487381 
0.0741972 -0.0915138 0.0415144 
-0.0915138 0.288276 -0.0370048 
0.0415144 -0.0370049 0.0482561 
0.0726934 -0.089572 0.0406082 
-0.089572 0.282185 -0.0362107 
0.0406082 -0.0362107 0.047234 
0.070184 -0.0862042 0.039001 
-0.0862042 0.271656 -0.0348208 
0.039001 -0.0348208 0.0454637 
0.0663482 -0.0806409 0.0362347 
-0.0806409 0.254375 -0.0324853 
0.0362347 -0.0324853 0.0425473 
0.0613932 -0.0721277 0.0316727 
-0.0721277 0.228264 -0.0287952 
0.0316727 -0.0287952 0.0381077 
0.0572545 -0.060736 0.0246726 
-0.060736 0.194226 -0.0235403 
0.0246726 -0.0235404 0.0322302 
0.0588715 -0.0486204 0.0150643 
-0.0486204 0.160206 -0.017186 
0.0150643 -0.017186 0.0261321 
0.0726418 -0.0400771 0.00374882 
-0.0400771 0.140792 -0.0110986 
0.00374882 -0.0110986 0.0221528 
0.100134 -0.0384247 -0.00736494 
-0.0384246 0.146033 -0.00676272 
-0.00736494 -0.00676272 0.0220138 
0.134175 -0.0426497 -0.016453 
-0.0426497 0.170435 -0.00457681 
-0.016453 -0.00457681 0.0250193 
0.164563 -0.0488445 -0.02276 
-0.0488445 0.199138 -0.00385534 
-0.02276 -0.00385534 0.0289302 
0.185282 -0.0538346 -0.0264841 
-0.0538345 0.22089 -0.00375411 
-0.0264841 -0.00375411 0.0319854 
0.194806 -0.0562357 -0.0280901 
-0.0562357 0.231158 -0.00377088 
-0.0280902 -0.00377088 0.0334459 
0.19285 -0.0555025 -0.0278059 
-0.0555025 0.22817 -0.00369106 
-0.0278059 -0.00369106 0.0330329 
0.178707 -0.0511258 -0.025481 
-0.0511258 0.209814 -0.00344033 
-0.025481 -0.00344033 0.0304887 
0.153332 -0.0429022 -0.0208258 
-0.0429022 0.174717 -0.00306164 
-0.0208258 -0.00306164 0.0257853 
0.124451 -0.0322136 -0.0140697 
-0.0322136 0.127417 -0.00279164 
-0.0140697 -0.00279164 0.0199182 
0.106807 -0.0225363 -0.00651783 
-0.0225363 0.0811446 -0.00299837 
-0.00651783 -0.00299837 0.0151147 
0.109784 -0.0169534 5.51008e-05 
-0.0169534 0.0491214 -0.00381437 
5.51003e-05 -0.00381437 0.0131299 
0.127825 -0.0154692 0.00470821 
-0.0154692 0.0336221 -0.00494482 
0.00470821 -0.00494482 0.0136334 
0.149069 -0.0161157 0.00758372 
-0.0161157 0.0285866 -0.00599362 
0.00758372 -0.00599362 0.0151538 
0.166063 -0.0172379 0.00922566 
-0.0172379 0.0278994 -0.00676114 
0.00922566 -0.00676114 0.0166044 
0.176298 -0.0180506 0.0100653 
-0.0180506 0.0282442 -0.00720698 
0.0100653 -0.00720698 0.0175319 
0.177998 -0.0181343 0.0102533 
-0.0181343 0.0280571 -0.00728351 
0.0102533 -0.00728351 0.0176744 
0.166197 -0.0168631 0.00959117 
-0.0168631 0.0261308 -0.00677977 
0.00959117 -0.00677977 0.0165441 
0.132921 -0.0132223 0.00759824 
-0.0132223 0.0214133 -0.00527156 
0.00759824 -0.00527156 0.0135577 
0.0808022 -0.0069441 0.00427281 
-0.0069441 0.0153959 -0.00255789 
0.00427281 -0.00255789 0.00964446 
0.036081 -0.000279809 0.00100841 
-0.000279809 0.0130476 0.000529222 
0.00100841 0.000529222 0.00793282 
0.0159989 0.00419211 -0.000930014 
0.00419211 0.0152348 0.00279252 
-0.000930014 0.00279252 0.0090669 
0.0109081 0.00638007 -0.00175863 
0.00638007 0.0181026 0.00399228 
-0.00175863 0.00399228 0.0107115 
0.0100713 0.00719935 -0.00204595 
0.00719935 0.0196089 0.00446884 
-0.00204595 0.00446884 0.0115817 
0.00966057 0.00719493 -0.00207931 
0.00719493 0.0195994 0.00449632 
-0.00207931 0.00449632 0.0115298 
0.00872253 0.0064732 -0.00199163 
0.0064732 0.0184242 0.00423633 
-0.00199163 0.00423633 0.0106213 
0.00728339 0.00505415 -0.00206575 
0.00505415 0.0179131 0.00413457 
-0.00206575 0.00413457 0.00943805 
0.00661171 0.00351563 -0.00304953 
0.00351563 0.0236478 0.00548621 
-0.00304953 0.00548621 0.0102128 
0.00828996 0.00291477 -0.00542628 
0.00291477 0.0398285 0.00922208 
-0.00542628 0.00922208 0.0151183 
0.0112129 0.00321106 -0.00803392 
0.00321106 0.0586065 0.0134175 
-0.00803392 0.0134175 0.0216863 
0.0131649 0.00347612 -0.00948555 
0.00347612 0.0700896 0.0156234 
-0.00948555 0.0156234 0.0262215 
0.0136468 0.00322042 -0.00959419 
0.00322042 0.0734761 0.0153328 
-0.00959419 0.0153328 0.0285289 
0.013142 0.00221877 -0.00859465 
0.00221877 0.0723893 0.0125643 
-0.00859465 0.0125643 0.0306898 
0.0123447 -1.82981e-05 -0.00652411 
-1.82981e-05 0.0718432 0.00652767 
-0.00652411 0.00652767 0.0365044 
0.0124041 -0.00444073 -0.00329873 
-0.00444073 0.0802659 -0.00453167 
-0.00329873 -0.00453167 0.05282 
0.0149488 -0.0119045 0.000836439 
-0.0119045 0.108669 -0.0218649 
0.000836439 -0.0218649 0.0875342 
0.0203424 -0.0213996 0.0049076 
-0.0213996 0.157241 -0.0426637 
0.0049076 -0.0426637 0.137935 
0.0260279 -0.0295101 0.00768715 
-0.0295101 0.204725 -0.0595792 
0.00768715 -0.0595792 0.183835 
0.0291412 -0.0336386 0.00869691 
-0.0336386 0.229534 -0.0674431 
0.00869691 -0.0674431 0.207081 
0.0292979 -0.0340642 0.00824321 
-0.0340642 0.229716 -0.0669365 
0.00824321 -0.0669365 0.207287 
0.0276077 -0.0323791 0.00676488 
-0.0323791 0.214314 -0.0611431 
0.00676488 -0.0611431 0.193151 
0.0251893 -0.029982 0.00450973 
-0.029982 0.19197 -0.0525616 
0.00450973 -0.0525616 0.172579 
0.0228274 -0.0278323 0.00157277 
-0.0278323 0.16857 -0.0427532 
0.00157277 -0.0427532 0.150869 
0.0210629 -0.0265843 -0.00198216 
-0.0265843 0.148168 -0.0327842 
-0.00198216 -0.0327842 0.131659 
0.0202375 -0.0266295 -0.00603663 
-0.0266295 0.133487 -0.0234786 
-0.00603663 -0.0234786 0.117414 
0.0204638 -0.0280542 -0.0103881 
-0.0280542 0.12578 -0.0154255 
-0.0103881 -0.0154255 0.109308 
0.0216096 -0.030623 -0.0147645 
-0.030623 0.124674 -0.00892354 
-0.0147645 -0.00892354 0.107084 
0.0233309 -0.0338231 -0.0188474 
-0.0338231 0.128369 -0.00399292 
-0.0188474 -0.00399292 0.109215 
0.0251124 -0.0368942 -0.022253 
-0.0368942 0.134007 -0.000488501 
-0.022253 -0.000488501 0.113179 
0.0262799 -0.0387281 -0.024446 
-0.0387281 0.138127 0.0016874 
-0.024446 0.0016874 0.11556 
0.0261272 -0.0376255 -0.0246905 
-0.0376255 0.13848 0.00216555 
-0.0246905 0.00216555 0.11228 
0.0246503 -0.0312704 -0.0224306 
-0.0312704 0.140619 -0.00070598 
-0.0224306 -0.00070598 0.100648 
0.0238932 -0.0178537 -0.0183675 
-0.0178537 0.166972 -0.0103246 
-0.0183675 -0.0103246 0.0841872 
0.0272576 0.00142121 -0.0148012 
0.00142121 0.244372 -0.0290616 
-0.0148012 -0.0290616 0.0732527 
0.0351927 0.021532 -0.0134273 
0.021532 0.36364 -0.053147 
-0.0134273 -0.053147 0.0739696 
0.043882 0.0369923 -0.0135561 
0.0369923 0.475588 -0.0739271 
-0.0135561 -0.0739271 0.0810292 
0.0493972 0.0450654 -0.0133351 
0.0450654 0.533808 -0.0843997 
-0.0133351 -0.0843997 0.0853062 
0.0508019 0.0457113 -0.0111044 
0.0457113 0.517629 -0.0816527 
-0.0111044 -0.0816527 0.0813679 
0.0509409 0.0408931 -0.00546971 
0.0408931 0.431215 -0.0661431 
-0.00546971 -0.0661431 0.0688811 
0.0563314 0.0348002 0.00459237 
0.0348002 0.305574 -0.0421374 
0.00459237 -0.0421374 0.0526488 
0.0732536 0.0325748 0.0186413 
0.0325748 0.191935 -0.0175308 
0.0186413 -0.0175308 0.0405439 
0.100231 0.0361385 0.0338779 
0.0361385 0.126572 0.00070647 
0.0338779 0.00070647 0.0370428 
0.128081 0.0426889 0.0467471 
0.0426889 0.105521 0.0111094 
0.0467471 0.0111094 0.0397283 
0.149222 0.0486457 0.0555406 
0.0486457 0.105406 0.0161264 
0.0555406 0.0161264 0.0439151 
0.162271 0.052611 0.0606825 
0.052611 0.109982 0.0183794 
0.0606825 0.0183794 0.0471279 
0.169328 0.0548305 0.0633896 
0.0548305 0.113661 0.0193793 
0.0633896 0.0193793 0.0490283 
0.17284 0.0559525 0.0647192 
0.0559525 0.115776 0.0198253 
0.0647192 0.0198253 0.0500123 
0.174493 0.0564846 0.0653414 
0.0564846 0.116833 0.020024 
0.0653414 0.020024 0.0504839 
0.175241 0.0567261 0.065622 
0.0567261 0.117324 0.0201116 
0.065622 0.0201116 0.050699 
0.175569 0.0568321 0.0657448 
0.0568321 0.117542 0.0201495 
0.0657448 0.0201495 0.0507936 
