4  11
0.0894087  0.058739  0.12629  0.079781  0.073465  0.0921366  0.144531  0.0833904  0.102802  0.0499408  0.0995154  
4.97517  -1.47981  -3.81167  2.54262  
12.8507  -0.0333181  -0.0517263  0.106144  
21.8832  0.125174  0.329102  0.19078  
31.5276  0.814739  1.14317  0.705045  
40.3515  1.08665  3.28235  0.658242  
47.4485  -0.266083  2.39882  -0.333754  
59.7717  -0.339385  0.0157173  -0.148093  
70.8267  0.519363  -0.569715  -0.167041  
80.4093  -0.442658  -0.652508  0.864523  
87.8135  0.0942353  -1.14653  -0.0487099  
95.3458  0.118139  0.0256935  -0.0880883  
6.61883  1.89899  4.65775  -3.2567  
1.89899  0.571766  1.33576  -0.932809  
4.65775  1.33576  3.38376  -2.24219  
-3.2567  -0.932809  -2.24219  1.67806  
5.98539  0.125792  0.731533  -0.13308  
0.125792  0.0178276  0.0397641  -0.0170356  
0.731533  0.0397641  0.147379  -0.041686  
-0.13308  -0.0170356  -0.041686  0.0325851  
21.9801  -0.11352  -0.042911  1.1219  
-0.11352  0.00634671  0.00562934  -0.00139883  
-0.042911  0.00562934  0.0214787  0.011046  
1.1219  -0.00139883  0.011046  0.074739  
13.6011  0.690361  1.05631  0.40158  
0.690361  0.120296  0.203112  0.03156  
1.05631  0.203112  0.417948  0.0478692  
0.40158  0.03156  0.0478692  0.0651397  
14.4262  -0.980999  0.904176  0.633256  
-0.980999  0.108983  -0.0583046  0.0100766  
0.904176  -0.0583046  0.699935  0.131513  
0.633256  0.0100766  0.131513  0.165502  
19.7556  -1.15548  -2.7074  -1.38313  
-1.15548  0.254467  0.534849  0.0891941  
-2.7074  0.534849  1.54941  0.214279  
-1.38313  0.0891941  0.214279  0.17088  
27.7421  0.183539  -3.41018  1.75483  
0.183539  0.0528606  -0.0259968  0.00599386  
-3.41018  -0.0259968  0.781818  -0.296183  
1.75483  0.00599386  -0.296183  0.366261  
13.0162  1.58703  1.76302  -0.919126  
1.58703  0.861835  0.182063  -0.290865  
1.76302  0.182063  0.465254  -0.0718627  
-0.919126  -0.290865  -0.0718627  0.333909  
14.8813  -1.27877  0.587454  0.275286  
-1.27877  1.13032  -0.35942  -0.206743  
0.587454  -0.35942  0.877047  -0.165425  
0.275286  -0.206743  -0.165425  0.496072  
6.39008  -0.322484  0.356665  -0.258272  
-0.322484  0.214474  0.358161  -0.0568034  
0.356665  0.358161  0.861378  -0.183625  
-0.258272  -0.0568034  -0.183625  0.058762  
9.86978  -0.0122692  0.208747  0.0653436  
-0.0122692  0.0266078  -0.0164913  -0.00702961  
0.208747  -0.0164913  0.0535888  0.00207511  
0.0653436  -0.00702961  0.00207511  0.00556436  
