4  6
0.130407  0.261723  0.144471  0.140261  0.161271  0.161866  
5.39952  -4.1198  0.954229  -0.392211  
20.1294  -8.51803  3.17595  -1.674  
35.4026  -6.59728  5.9118  0.634037  
46.5281  -2.56009  5.59388  5.19505  
57.8311  -2.23521  4.92329  5.62615  
68.3299  -1.87764  5.6169  5.46138  
7.97555  -7.60375  1.79854  -0.726121  
-7.60375  7.30062  -1.72061  0.694537  
1.79854  -1.72061  0.429398  -0.168169  
-0.726121  0.694537  -0.168169  0.0804167  
32.8775  1.52036  3.93852  -1.6602  
1.52036  0.1909  0.213119  -0.0868351  
3.93852  0.213119  0.656645  -0.245731  
-1.6602  -0.0868351  -0.245731  0.354337  
11.987  3.73814  1.6075  5.05983  
3.73814  1.82493  0.842543  1.89665  
1.6075  0.842543  0.568246  0.680708  
5.05983  1.89665  0.680708  2.7059  
17.7245  2.93655  -1.04537  1.19399  
2.93655  0.755515  -0.322098  0.399776  
-1.04537  -0.322098  0.426793  -0.384988  
1.19399  0.399776  -0.384988  0.427182  
33.2068  2.51153  4.79484  -1.39657  
2.51153  0.248171  0.424386  -0.102323  
4.79484  0.424386  1.41072  -0.591215  
-1.39657  -0.102323  -0.591215  0.306298  
23.2889  -1.17292  0.397973  -0.907455  
-1.17292  0.341721  0.0115359  0.106973  
0.397973  0.0115359  0.477242  -0.397704  
-0.907455  0.106973  -0.397704  0.376866  
