4  6
0.125962  0.133807  0.263076  0.182856  0.167306  0.126993  
5.24283  -4.89601  1.22662  -0.582722  
15.0761  0.646779  0.430526  -0.521577  
29.8186  1.26485  0.874205  1.79318  
46.6777  0.249044  -0.625127  0.204351  
59.7317  0.232412  0.398755  -0.121811  
70.4683  -0.292736  -0.250652  0.104216  
7.53252  7.47514  -1.37177  0.307468  
7.47514  7.48301  -1.36176  0.31037  
-1.37177  -1.36176  0.311303  -0.0968391  
0.307468  0.31037  -0.0968391  0.129476  
9.75304  1.23519  -0.567072  -0.226242  
1.23519  0.422388  0.00677386  -0.0481082  
-0.567072  0.00677386  0.192373  0.0855754  
-0.226242  -0.0481082  0.0855754  0.170506  
34.3968  7.9747  -1.39518  7.84597  
7.9747  2.77032  -0.175767  2.14067  
-1.39518  -0.175767  0.737659  -0.197289  
7.84597  2.14067  -0.197289  2.60632  
18.4813  -1.38782  4.42786  -2.10579  
-1.38782  0.711918  -0.434823  0.3381  
4.42786  -0.434823  1.81102  -0.722811  
-2.10579  0.3381  -0.722811  0.708783  
17.9951  -1.03451  -0.680957  -0.961297  
-1.03451  0.429024  0.325185  0.00482487  
-0.680957  0.325185  0.4766  -0.0623932  
-0.961297  0.00482487  -0.0623932  0.139643  
9.68353  0.632084  0.0485562  0.0183597  
0.632084  0.846437  0.0375084  0.252706  
0.0485562  0.0375084  0.146975  0.0103934  
0.0183597  0.252706  0.0103934  0.208262  
