3,3,75
0.0647933 -0.000436184 0.00524257 
-0.000436065 0.0614682 -0.0408339 
0.00524257 -0.0408339 0.116893 
0.06477 -0.000436022 0.00524068 
-0.000435902 0.0614461 -0.0408192 
0.00524068 -0.0408192 0.116851 
0.0647107 -0.000435585 0.00523586 
-0.000435466 0.0613897 -0.0407817 
0.00523586 -0.0407817 0.116744 
0.0645554 -0.000434288 0.00522317 
-0.00043417 0.0612422 -0.0406831 
0.00522317 -0.0406831 0.116463 
0.0641403 -0.000429681 0.00518866 
-0.000429563 0.0608462 -0.040416 
0.00518866 -0.040416 0.115707 
0.063027 -0.000408511 0.00509162 
-0.000408396 0.0597742 -0.0396735 
0.00509162 -0.0396735 0.113645 
0.0601999 -0.000283826 0.00480912 
-0.000283716 0.0569701 -0.0375763 
0.00480912 -0.0375763 0.108131 
0.0546268 0.000535049 0.00396044 
0.000535144 0.0507799 -0.0317304 
0.00396044 -0.0317304 0.0950185 
0.0533021 0.00521468 0.00147541 
0.00521475 0.0441247 -0.0169461 
0.00147541 -0.0169461 0.0743491 
0.087441 0.0215307 -0.00418498 
0.0215307 0.0573878 0.0109552 
-0.00418498 0.0109552 0.0711838 
0.162338 0.0470498 -0.0113656 
0.0470498 0.0983628 0.0414804 
-0.0113656 0.0414804 0.104453 
0.220057 0.0648858 -0.0159487 
0.0648858 0.132055 0.059552 
-0.0159487 0.059552 0.137242 
0.243499 0.0718931 -0.0176444 
0.0718931 0.146009 0.0662195 
-0.0176444 0.0662195 0.151449 
0.248415 0.0733088 -0.017862 
0.0733088 0.148993 0.0675388 
-0.017862 0.0675388 0.154557 
0.245124 0.0722251 -0.0172718 
0.0722251 0.147136 0.0665283 
-0.0172718 0.0665283 0.152729 
0.236625 0.0694181 -0.0157279 
0.0694181 0.142347 0.0639059 
-0.0157279 0.0639059 0.148025 
0.223409 0.0646705 -0.0121316 
0.0646705 0.135296 0.0594288 
-0.0121316 0.0594288 0.141463 
0.20915 0.057963 -0.00330121 
0.057963 0.129328 0.0529447 
-0.00330121 0.0529447 0.137489 
0.21255 0.0518902 0.0185492 
0.0518902 0.138683 0.0464883 
0.0185492 0.0464883 0.153467 
0.279356 0.0548082 0.0661928 
0.0548082 0.196115 0.0471319 
0.0661928 0.0471319 0.227937 
0.444063 0.0750629 0.142877 
0.0750629 0.324211 0.0623415 
0.142877 0.0623415 0.385955 
0.648379 0.104919 0.223229 
0.104919 0.478221 0.0861433 
0.223229 0.0861433 0.572703 
0.798491 0.128167 0.278169 
0.128167 0.590017 0.104999 
0.278169 0.104999 0.70734 
0.8749 0.140263 0.305314 
0.140263 0.646652 0.114871 
0.305314 0.114871 0.775356 
0.905815 0.145197 0.316171 
0.145197 0.669524 0.118907 
0.316171 0.118907 0.802797 
0.916636 0.146929 0.319955 
0.146929 0.677524 0.120325 
0.319955 0.120325 0.812392 
0.920027 0.147472 0.32114 
0.147472 0.680031 0.12077 
0.32114 0.12077 0.815398 
0.920932 0.147617 0.321456 
0.147617 0.6807 0.120888 
0.321456 0.120888 0.8162 
0.920969 0.147623 0.321469 
0.147623 0.680727 0.120893 
0.321469 0.120893 0.816233 
0.920469 0.147543 0.321294 
0.147543 0.680358 0.120827 
0.321294 0.120827 0.815789 
0.919123 0.147327 0.320824 
0.147327 0.679363 0.12065 
0.320824 0.12065 0.814596 
0.915949 0.146817 0.319716 
0.146817 0.67702 0.120232 
0.319716 0.120232 0.811783 
0.908762 0.145657 0.317206 
0.145657 0.671719 0.119277 
0.317206 0.119277 0.805411 
0.893123 0.143111 0.311741 
0.143111 0.660218 0.117166 
0.311741 0.117166 0.791536 
0.86085 0.137758 0.300447 
0.137758 0.636635 0.112661 
0.300447 0.112661 0.762871 
0.799452 0.127158 0.278894 
0.127158 0.592396 0.103469 
0.278894 0.103469 0.70819 
0.697131 0.107975 0.24273 
0.107975 0.520959 0.0858859 
0.24273 0.0858859 0.616534 
0.560082 0.0776409 0.193546 
0.0776409 0.432268 0.0554104 
0.193546 0.0554104 0.492149 
0.431496 0.0378588 0.145576 
0.0378588 0.366114 0.00992196 
0.145576 0.00992196 0.371492 
0.368745 -0.00386344 0.118575 
-0.00386344 0.367449 -0.0455682 
0.118575 -0.0455682 0.304821 
0.383543 -0.0389955 0.117703 
-0.0389955 0.434905 -0.0995943 
0.117703 -0.0995943 0.304839 
0.43784 -0.0638407 0.131255 
-0.0638407 0.525596 -0.142533 
0.131255 -0.142533 0.341246 
0.493377 -0.0795128 0.146685 
-0.0795128 0.603678 -0.171915 
0.146685 -0.171915 0.381886 
0.534622 -0.0887632 0.158528 
-0.0887632 0.658068 -0.190173 
0.158528 -0.190173 0.412902 
0.560705 -0.0939619 0.166122 
-0.0939619 0.691483 -0.200748 
0.166122 -0.200748 0.432741 
0.574742 -0.096602 0.17023 
-0.096602 0.709237 -0.206212 
0.17023 -0.206212 0.443469 
0.578903 -0.0973765 0.171434 
-0.0973765 0.714526 -0.207855 
0.171434 -0.207855 0.446629 
0.572733 -0.096262 0.169549 
-0.096262 0.706963 -0.205683 
0.169549 -0.205683 0.441792 
0.552361 -0.0923891 0.163304 
-0.0923891 0.681829 -0.198341 
0.163304 -0.198341 0.425811 
0.510476 -0.0835911 0.150095 
-0.0835911 0.630107 -0.183133 
0.150095 -0.183133 0.392505 
0.440003 -0.0656486 0.126433 
-0.0656486 0.543023 -0.157229 
0.126433 -0.157229 0.334699 
0.346583 -0.0321149 0.0905931 
-0.0321149 0.427429 -0.121935 
0.0905931 -0.121935 0.252561 
0.262815 0.0221679 0.0473402 
0.0221679 0.323406 -0.0879259 
0.0473402 -0.0879259 0.165227 
0.229709 0.0923232 0.00788768 
0.0923232 0.281546 -0.0697333 
0.00788768 -0.0697333 0.103187 
0.249541 0.161332 -0.0194529 
0.161332 0.304915 -0.0697988 
-0.0194529 -0.0697988 0.0775995 
0.289255 0.214002 -0.0349414 
0.214002 0.353026 -0.0782736 
-0.0349414 -0.0782736 0.0746934 
0.32303 0.247291 -0.0428322 
0.247291 0.394119 -0.0866032 
-0.0428322 -0.0866032 0.0787234 
0.34446 0.265905 -0.0466876 
0.265905 0.420231 -0.092133 
-0.0466876 -0.092133 0.0826978 
0.355962 0.275339 -0.0485015 
0.275339 0.434254 -0.095155 
-0.0485015 -0.095155 0.0851449 
0.360543 0.279013 -0.0491843 
0.279013 0.439831 -0.0963635 
-0.0491843 -0.0963635 0.0861634 
0.358841 0.277673 -0.0489329 
0.277673 0.437675 -0.095884 
-0.0489329 -0.095884 0.0857396 
0.347915 0.268808 -0.0471903 
0.268808 0.423755 -0.0928038 
-0.0471903 -0.0928038 0.0831357 
0.321502 0.245757 -0.0419847 
0.245757 0.387831 -0.084745 
-0.0419847 -0.084745 0.0768946 
0.279259 0.20009 -0.0282592 
0.20009 0.317893 -0.0684878 
-0.0282592 -0.0684878 0.067151 
0.253295 0.134523 0.00319047 
0.134523 0.221702 -0.0441362 
0.00319047 -0.0441362 0.0621725 
0.304641 0.0742935 0.0575368 
0.0742935 0.142494 -0.0195768 
0.0575368 -0.0195768 0.0771321 
0.434182 0.041718 0.121383 
0.041718 0.112043 -0.00332963 
0.121383 -0.00332963 0.111659 
0.571044 0.0317412 0.173839 
0.0317412 0.114546 0.00447693 
0.173839 0.00447693 0.147478 
0.669299 0.0307493 0.20771 
0.0307493 0.125099 0.00771847 
0.20771 0.00771847 0.173028 
0.728163 0.0317199 0.227042 
0.0317199 0.133641 0.0090612 
0.227042 0.0090612 0.188292 
0.761027 0.0326677 0.237586 
0.0326677 0.138986 0.00965542 
0.237586 0.00965542 0.196803 
0.779112 0.0332998 0.24332 
0.0332998 0.142084 0.0099401 
0.24332 0.0099401 0.201484 
0.789186 0.033684 0.246495 
0.033684 0.143856 0.0100864 
0.246495 0.0100864 0.20409 
0.794938 0.0339133 0.248302 
0.0339133 0.144881 0.0101661 
0.248302 0.0101661 0.205578 
0.798319 0.0340513 0.249361 
0.0340513 0.145489 0.0102117 
0.249361 0.0102117 0.206453 
