3,3,110
0.0471418 0.00990104 -0.0279417 
0.00990104 0.400873 -0.0947855 
-0.0279417 -0.0947853 0.245504 
0.0470697 0.00988604 -0.0278986 
0.00988604 0.400254 -0.0946407 
-0.0278986 -0.0946404 0.245125 
0.0469607 0.00986343 -0.0278331 
0.00986343 0.399317 -0.0944218 
-0.0278331 -0.0944215 0.24455 
0.0467931 0.00982884 -0.027732 
0.00982884 0.39787 -0.0940856 
-0.027732 -0.0940854 0.243663 
0.0465307 0.00977511 -0.0275725 
0.00977511 0.395592 -0.0935597 
-0.0275725 -0.0935595 0.242265 
0.0461125 0.00969054 -0.0273152 
0.00969054 0.391922 -0.0927228 
-0.0273152 -0.0927226 0.240012 
0.0454377 0.00955717 -0.0268912 
0.00955717 0.385893 -0.0913763 
-0.0268912 -0.0913761 0.236307 
0.0443514 0.00935164 -0.0261823 
0.00935164 0.375871 -0.08922 
-0.0261823 -0.0892198 0.230132 
0.0426625 0.0090614 -0.0249959 
0.0090614 0.359272 -0.0859037 
-0.0249959 -0.0859035 0.219861 
0.0403221 0.00875905 -0.0230646 
0.00875905 0.332804 -0.0814309 
-0.0230646 -0.0814307 0.203343 
0.0381193 0.00884672 -0.0201763 
0.00884672 0.294971 -0.0776792 
-0.0201763 -0.077679 0.179273 
0.0393577 0.0105899 -0.0166452 
0.0105899 0.254027 -0.0819949 
-0.0166452 -0.0819948 0.151776 
0.0511274 0.0164095 -0.0139937 
0.0164095 0.237917 -0.10978 
-0.0139937 -0.10978 0.136441 
0.0790591 0.027922 -0.0143115 
0.027922 0.279465 -0.172891 
-0.0143115 -0.172891 0.152664 
0.116537 0.0423827 -0.0175746 
0.0423827 0.36945 -0.256357 
-0.0175746 -0.256357 0.197009 
0.148898 0.054521 -0.0213931 
0.054521 0.459233 -0.327998 
-0.0213931 -0.327998 0.243269 
0.169009 0.0619697 -0.0240368 
0.0619697 0.518311 -0.372401 
-0.0240368 -0.372401 0.274182 
0.178859 0.0655977 -0.0253866 
0.0655977 0.54794 -0.394119 
-0.0253866 -0.394119 0.289782 
0.182634 0.0669843 -0.0259056 
0.0669843 0.55939 -0.402424 
-0.0259056 -0.402424 0.295826 
0.183212 0.0671958 -0.0259666 
0.0671958 0.561112 -0.403664 
-0.0259666 -0.403664 0.296737 
0.181962 0.0667348 -0.0257438 
0.0667348 0.557201 -0.400829 
-0.0257438 -0.400829 0.294676 
0.179306 0.0657552 -0.025264 
0.0657552 0.548888 -0.394796 
-0.025264 -0.394796 0.290296 
0.175178 0.0642283 -0.0244442 
0.0642283 0.535838 -0.385287 
-0.0244442 -0.385287 0.283432 
0.169312 0.0620478 -0.0230848 
0.0620478 0.516953 -0.37143 
-0.0230848 -0.37143 0.273528 
0.161531 0.0591296 -0.0208147 
0.0591296 0.491088 -0.352224 
-0.0208147 -0.352224 0.260033 
0.152201 0.0555702 -0.0169887 
0.0555702 0.458156 -0.327248 
-0.0169887 -0.327248 0.243011 
0.142973 0.0519039 -0.0105595 
0.0519039 0.420975 -0.297873 
-0.0105595 -0.297873 0.224155 
0.137603 0.0493974 -2.99553e-05 
0.0493974 0.38752 -0.268794 
-2.99562e-05 -0.268794 0.208 
0.142039 0.050094 0.0162691 
0.050094 0.371633 -0.248681 
0.0162691 -0.248681 0.202264 
0.162463 0.0561576 0.0393371 
0.0561576 0.388978 -0.24784 
0.0393371 -0.24784 0.215524 
0.2013 0.0685034 0.0683626 
0.0685034 0.447797 -0.272441 
0.0683626 -0.272441 0.252065 
0.254261 0.0857583 0.100321 
0.0857583 0.541279 -0.319446 
0.100321 -0.319446 0.307716 
0.311936 0.104772 0.13109 
0.104772 0.650112 -0.377761 
0.13109 -0.377761 0.371403 
0.364821 0.122318 0.157289 
0.122318 0.75341 -0.434786 
0.157289 -0.434786 0.43134 
0.407154 0.136418 0.177337 
0.136418 0.83771 -0.482062 
0.177337 -0.482062 0.480033 
0.437352 0.146505 0.191254 
0.146505 0.898516 -0.516453 
0.191254 -0.516453 0.51508 
0.456363 0.152882 0.199886 
0.152882 0.937034 -0.538315 
0.199886 -0.538315 0.537291 
0.465908 0.15613 0.204209 
0.15613 0.95642 -0.549266 
0.204209 -0.549266 0.548566 
0.467402 0.156757 0.204957 
0.156757 0.959404 -0.550734 
0.204957 -0.550734 0.550578 
0.461515 0.155068 0.202497 
0.155068 0.947287 -0.543301 
0.202497 -0.543301 0.544272 
0.448136 0.151201 0.196861 
0.151201 0.919804 -0.52651 
0.196861 -0.52651 0.5299 
0.426616 0.145308 0.187905 
0.145308 0.87561 -0.498986 
0.187905 -0.498986 0.507522 
0.396372 0.137915 0.175638 
0.137915 0.813488 -0.458851 
0.175638 -0.458851 0.478069 
0.357971 0.130521 0.160785 
0.130521 0.734582 -0.404634 
0.160785 -0.404634 0.445145 
0.314645 0.126282 0.145512 
0.126282 0.645492 -0.336749 
0.145512 -0.336749 0.417209 
0.273396 0.130196 0.133852 
0.130196 0.56055 -0.259115 
0.133852 -0.259115 0.408453 
0.244 0.147772 0.1309 
0.147772 0.499783 -0.179597 
0.1309 -0.179597 0.435397 
0.234809 0.181922 0.140359 
0.181922 0.480335 -0.107855 
0.140359 -0.107855 0.508131 
0.247645 0.230075 0.161875 
0.230075 0.505995 -0.0512399 
0.161875 -0.0512399 0.621659 
0.276514 0.284599 0.190783 
0.284599 0.564547 -0.0118877 
0.190783 -0.0118877 0.756303 
0.311593 0.336653 0.220766 
0.336653 0.63592 0.0127002 
0.220766 0.0127002 0.888042 
0.344468 0.380036 0.24691 
0.380036 0.702899 0.0269131 
0.24691 0.0269131 0.999384 
0.370584 0.412372 0.266914 
0.412372 0.756152 0.0347375 
0.266914 0.0347375 1.08306 
0.388735 0.434064 0.280544 
0.434064 0.793207 0.038924 
0.280544 0.038924 1.13946 
0.399493 0.446702 0.288569 
0.446702 0.815239 0.041112 
0.28857 0.041112 1.17239 
0.403916 0.451938 0.291943 
0.451938 0.82445 0.0422294 
0.291943 0.0422294 1.18602 
0.402855 0.450957 0.291405 
0.450957 0.822681 0.0428481 
0.291405 0.0428481 1.18335 
0.396717 0.444361 0.287381 
0.444361 0.810967 0.0434534 
0.287381 0.0434534 1.16589 
0.385479 0.432274 0.280066 
0.432274 0.78966 0.0446864 
0.280066 0.0446864 1.13391 
0.368856 0.414613 0.269627 
0.414613 0.758927 0.0476342 
0.269627 0.0476342 1.08706 
0.346623 0.391515 0.256553 
0.391515 0.719628 0.0542189 
0.256553 0.0542189 1.02548 
0.319086 0.363967 0.242139 
0.363967 0.674564 0.0676658 
0.242139 0.0676658 0.951421 
0.287671 0.334512 0.22901 
0.334512 0.629878 0.092865 
0.22901 0.092865 0.871046 
0.255383 0.307727 0.221371 
0.307727 0.595828 0.136181 
0.221371 0.136181 0.795705 
0.226704 0.289833 0.224487 
0.289833 0.585671 0.204115 
0.224487 0.204115 0.741076 
0.206532 0.287001 0.243057 
0.287001 0.61175 0.300617 
0.243057 0.300617 0.72298 
0.198351 0.302722 0.278912 
0.302722 0.679787 0.424019 
0.278912 0.424019 0.7508 
0.202634 0.335781 0.329463 
0.335781 0.7848 0.565644 
0.329463 0.565644 0.822289 
0.216619 0.380362 0.388143 
0.380362 0.911881 0.711606 
0.388143 0.711606 0.92366 
0.235587 0.428291 0.446682 
0.428291 1.04154 0.846953 
0.446682 0.846953 1.03503 
0.25467 0.471797 0.497661 
0.471797 1.15594 0.959581 
0.497661 0.959581 1.13726 
0.270084 0.505222 0.535957 
0.505222 1.24253 1.04198 
0.535957 1.04198 1.2163 
0.279467 0.525298 0.558812 
0.525298 1.29436 1.09079 
0.558812 1.09079 1.26393 
0.281606 0.530549 0.565154 
0.530549 1.3086 1.1053 
0.565154 1.1053 1.27638 
0.276026 0.520573 0.554855 
0.520573 1.28477 1.0861 
0.554855 1.0861 1.25262 
0.262711 0.49561 0.528334 
0.49561 1.2238 1.0345 
0.528334 1.0345 1.19325 
0.242062 0.45654 0.486605 
0.45654 1.12809 0.952684 
0.486605 0.952684 1.10057 
0.215041 0.405214 0.43166 
0.405214 1.00244 0.844648 
0.43166 0.844648 0.979267 
0.183362 0.344852 0.366922 
0.344852 0.854991 0.71709 
0.366922 0.71709 0.837425 
0.149531 0.280149 0.297375 
0.280149 0.697492 0.579736 
0.297375 0.579736 0.686647 
0.116539 0.216733 0.229009 
0.216733 0.543936 0.444298 
0.229009 0.444298 0.540654 
0.0872225 0.159982 0.167571 
0.159982 0.407562 0.322064 
0.167571 0.322064 0.412289 
0.0635399 0.113663 0.117126 
0.113663 0.297487 0.221097 
0.117126 0.221097 0.310205 
0.046158 0.0791501 0.0792149 
0.0791501 0.216801 0.144566 
0.0792149 0.144566 0.237047 
0.0345599 0.0555937 0.0530126 
0.0555937 0.16307 0.0910239 
0.0530126 0.0910239 0.190038 
0.0275275 0.0407989 0.0362469 
0.0407989 0.130594 0.0561586 
0.0362469 0.0561586 0.163285 
0.0236778 0.0322204 0.0262458 
0.0322204 0.112913 0.0348223 
0.0262458 0.0348223 0.15028 
0.0218205 0.0276354 0.0206544 
0.0276354 0.104473 0.0224335 
0.0206544 0.0224335 0.145533 
0.021091 0.0254047 0.0177205 
0.0254047 0.101245 0.0155507 
0.0177205 0.0155507 0.145139 
0.0209313 0.0244525 0.0162817 
0.0244525 0.100633 0.0118667 
0.0162817 0.0118667 0.14664 
0.021007 0.0241242 0.0156251 
0.0241242 0.101081 0.00995352 
0.0156251 0.00995352 0.148597 
0.0211148 0.0240281 0.0153275 
0.0240281 0.101645 0.00897212 
0.0153275 0.00897212 0.150112 
0.0210983 0.0238976 0.0151223 
0.0238976 0.101587 0.00843788 
0.0151223 0.00843788 0.150376 
0.0207741 0.0234811 0.0147976 
0.0234811 0.10003 0.00806173 
0.0147976 0.00806173 0.148225 
0.019886 0.0224852 0.0141413 
0.0224852 0.0957237 0.00768078 
0.0141413 0.00768078 0.14182 
0.0181662 0.0206745 0.0129928 
0.0206745 0.0873021 0.00733852 
0.0129928 0.00733852 0.128928 
0.0156424 0.0182925 0.0115038 
0.0182925 0.0746809 0.00758356 
0.0115038 0.00758355 0.108767 
0.0130773 0.0165839 0.0104623 
0.0165839 0.0611472 0.00969524 
0.0104623 0.00969524 0.08502 
0.0117665 0.0173087 0.0109796 
0.0173087 0.0526404 0.0149344 
0.0109796 0.0149344 0.0655728 
0.0123701 0.0209982 0.0133815 
0.0209982 0.052551 0.0229912 
0.0133815 0.0229912 0.0561159 
0.0143248 0.0263536 0.0168333 
0.0263536 0.0588261 0.0319268 
0.0168333 0.0319268 0.0556595 
0.0166316 0.0316691 0.0202476 
0.0316691 0.067232 0.0398573 
0.0202476 0.0398573 0.0597184 
0.0186533 0.0360123 0.0230328 
0.0360123 0.0749133 0.0459868 
0.0230328 0.0459868 0.0647194 
0.0201974 0.039216 0.0250856 
0.039216 0.0808927 0.0503731 
0.0250856 0.0503731 0.0690577 
0.0213003 0.041461 0.0265234 
0.041461 0.0852072 0.0533932 
0.0265234 0.0533932 0.0723555 
0.0220624 0.0429948 0.0275055 
0.0429948 0.0882054 0.0554346 
0.0275055 0.0554346 0.0747134 
0.0225775 0.0440245 0.0281647 
0.0440245 0.0902394 0.0567962 
0.0281647 0.0567962 0.0763399 
0.0229158 0.0446978 0.0285956 
0.0446978 0.0915779 0.0576827 
0.0285956 0.0576827 0.0774212 
0.023124 0.0451111 0.0288601 
0.0451111 0.0924027 0.0582255 
0.0288601 0.0582255 0.0780916 
0.0232305 0.0453221 0.0289952 
0.0453221 0.0928248 0.0585023 
0.0289952 0.0585023 0.0784359 
