4  7
0.118234  0.152528  0.156976  0.1733  0.136181  0.164999  0.0977809  
7.00312  -0.462842  3.44656  3.2562  
22.4682  -1.00408  6.05129  5.546  
38.6316  -3.57972  5.5072  4.38718  
57.4455  -7.53771  5.32987  -0.695934  
74.398  -8.42291  2.29801  -1.88969  
90.0473  -8.59141  3.5431  -1.50188  
104.684  -8.6768  3.1082  -1.29109  
14.0157  -0.99462  7.48748  7.05787  
-0.99462  0.117992  -0.52139  -0.52896  
7.48748  -0.52139  4.40312  3.67514  
7.05787  -0.52896  3.67514  3.80102  
33.0389  -0.857436  -0.242236  -1.07469  
-0.857436  0.210653  0.0753873  0.00115265  
-0.242236  0.0753873  0.578838  -0.40728  
-1.07469  0.00115265  -0.40728  0.340124  
38.1291  -7.0755  1.31337  -5.66268  
-7.0755  1.82211  -0.0732212  1.274  
1.31337  -0.0732212  1.09026  -0.795326  
-5.66268  1.274  -0.795326  1.44012  
47.3766  -3.52921  -3.69722  -5.14961  
-3.52921  0.699287  0.763726  0.698884  
-3.69722  0.763726  1.17886  0.447178  
-5.14961  0.698884  0.447178  1.84121  
45.6371  0.660662  0.0821385  3.25124  
0.660662  0.379011  0.698945  0.791388  
0.0821385  0.698945  1.72239  1.46445  
3.25124  0.791388  1.46445  1.90913  
47.6043  0.297512  1.14969  -2.08518  
0.297512  0.0240685  0.0322179  0.00267728  
1.14969  0.0322179  0.134727  -0.0420509  
-2.08518  0.00267728  -0.0420509  0.250051  
13.9102  0.0353173  -0.150499  0.0466699  
0.0353173  0.0251097  0.0484584  0.0313651  
-0.150499  0.0484584  0.101577  0.0625746  
0.0466699  0.0313651  0.0625746  0.0845107  
