3,3,110
0.0373762 0.0173664 -0.0151577 
0.0173665 0.234333 -0.130551 
-0.0151576 -0.130551 0.129467 
0.0375224 0.0174497 -0.0152348 
0.0174497 0.235433 -0.131169 
-0.0152348 -0.131169 0.130071 
0.0374635 0.0174163 -0.0152039 
0.0174163 0.234991 -0.130921 
-0.0152039 -0.130921 0.129829 
0.0371866 0.0172565 -0.0150553 
0.0172565 0.232884 -0.129736 
-0.0150553 -0.129736 0.128672 
0.0366355 0.0169227 -0.0147412 
0.0169227 0.228501 -0.127269 
-0.0147412 -0.127269 0.126271 
0.0357211 0.0163092 -0.0141506 
0.0163092 0.220516 -0.122758 
-0.0141505 -0.122758 0.121909 
0.0344202 0.0152132 -0.01305 
0.0152132 0.206491 -0.114783 
-0.01305 -0.114783 0.11429 
0.0332614 0.0132894 -0.0109655 
0.0132894 0.182686 -0.101065 
-0.0109655 -0.101065 0.101504 
0.0350411 0.010108 -0.00701546 
0.010108 0.14599 -0.0793011 
-0.00701545 -0.0793011 0.0822862 
0.0480731 0.00562196 -1.47149e-05 
0.00562197 0.101846 -0.0512382 
-1.47047e-05 -0.0512382 0.0606775 
0.0829502 0.000969972 0.0101503 
0.000969976 0.0715018 -0.0274671 
0.0101503 -0.0274671 0.0494133 
0.132053 -0.00219325 0.0205147 
-0.00219325 0.0692074 -0.0176374 
0.0205147 -0.0176374 0.0549971 
0.170617 -0.00365046 0.0274576 
-0.00365046 0.079668 -0.0170872 
0.0274576 -0.0170872 0.0658866 
0.189956 -0.00418188 0.0307071 
-0.00418188 0.087294 -0.0182029 
0.0307071 -0.0182029 0.07261 
0.197198 -0.00435403 0.0318926 
-0.00435403 0.0904704 -0.0188081 
0.0318926 -0.0188081 0.0752978 
0.199441 -0.00440463 0.0322566 
-0.00440463 0.0914862 -0.0190144 
0.0322566 -0.0190144 0.0761472 
0.200026 -0.00441763 0.0323513 
-0.00441763 0.0917537 -0.0190697 
0.0323513 -0.0190697 0.0763701 
0.200121 -0.00441973 0.0323666 
-0.00441973 0.0917971 -0.0190787 
0.0323666 -0.0190787 0.0764063 
0.200056 -0.00441831 0.0323562 
-0.00441831 0.0917675 -0.0190725 
0.0323562 -0.0190725 0.0763817 
0.199893 -0.00441471 0.0323299 
-0.00441471 0.0916925 -0.0190569 
0.0323299 -0.0190569 0.0763195 
0.1996 -0.00440829 0.0322827 
-0.00440829 0.091558 -0.0190289 
0.0322827 -0.0190289 0.0762083 
0.199097 -0.00439727 0.0322019 
-0.00439727 0.0913263 -0.0189804 
0.0322019 -0.0189804 0.0760177 
0.198243 -0.00437873 0.0320655 
-0.00437873 0.0909325 -0.0188976 
0.0320655 -0.0188976 0.0756963 
0.196815 -0.00434813 0.0318396 
-0.00434813 0.0902715 -0.0187576 
0.0318396 -0.0187576 0.075165 
0.194472 -0.00429901 0.0314747 
-0.00429901 0.0891794 -0.0185232 
0.0314747 -0.0185232 0.0743092 
0.190724 -0.00422349 0.0309076 
-0.00422349 0.087412 -0.0181352 
0.0309076 -0.0181352 0.0729853 
0.184948 -0.00411542 0.0300783 
-0.00411542 0.0846341 -0.0175024 
0.0300783 -0.0175024 0.0710679 
0.176549 -0.00398009 0.0289897 
-0.00398009 0.0804498 -0.0164901 
0.0289897 -0.0164901 0.0686019 
0.165412 -0.00385653 0.027847 
-0.00385653 0.0745331 -0.0149123 
0.027847 -0.0149123 0.0661572 
0.152818 -0.00385582 0.0273025 
-0.00385582 0.0669231 -0.0125417 
0.0273025 -0.0125417 0.0654451 
0.142558 -0.00419964 0.0287117 
-0.00419964 0.0584492 -0.00915837 
0.0287117 -0.00915837 0.0699503 
0.141131 -0.00520345 0.0340504 
-0.00520345 0.0509565 -0.00465685 
0.0340504 -0.00465685 0.0846927 
0.155333 -0.00713626 0.0450577 
-0.00713626 0.0467767 0.000816446 
0.0450577 0.000816446 0.114023 
0.187642 -0.00999994 0.06185 
-0.00999994 0.0473958 0.00680239 
0.06185 0.00680239 0.158107 
0.233504 -0.0134376 0.0823119 
-0.0134376 0.0524174 0.0126546 
0.0823119 0.0126546 0.211421 
0.283828 -0.0169065 0.103133 
-0.0169065 0.0599297 0.0177982 
0.103133 0.0177982 0.265446 
0.330152 -0.0199545 0.12152 
-0.0199545 0.0678036 0.0219218 
0.12152 0.0219218 0.313037 
0.367746 -0.0223613 0.136083 
-0.0223613 0.0746334 0.0249892 
0.136083 0.0249892 0.350681 
0.395484 -0.0241074 0.146671 
-0.0241074 0.0798649 0.0271327 
0.146671 0.0271327 0.378032 
0.414256 -0.0252758 0.153771 
-0.0252758 0.0834865 0.0285392 
0.153771 0.0285392 0.396381 
0.42555 -0.0259709 0.158014 
-0.0259709 0.0857014 0.0293787 
0.158014 0.0293787 0.407382 
0.430639 -0.0262744 0.159904 
-0.0262744 0.0867268 0.0297775 
0.159904 0.0297775 0.412373 
0.43025 -0.0262266 0.159714 
-0.0262266 0.0867076 0.0298159 
0.159714 0.0298159 0.41213 
0.424487 -0.0258194 0.157455 
-0.0258194 0.0856993 0.0295416 
0.157455 0.0295416 0.406834 
0.412881 -0.0249908 0.152883 
-0.0249908 0.0836987 0.0289976 
0.152883 0.0289976 0.396169 
0.394579 -0.0236179 0.145525 
-0.0236179 0.0807321 0.0282776 
0.145525 0.0282776 0.379587 
0.368807 -0.0215108 0.134782 
-0.0215108 0.0770434 0.0276326 
0.134782 0.0276326 0.356872 
0.335802 -0.0184167 0.120157 
-0.0184167 0.0734296 0.0276476 
0.120157 0.0276476 0.329236 
0.298273 -0.014056 0.101678 
-0.014056 0.0716861 0.0294578 
0.101678 0.0294578 0.300912 
0.262757 -0.00821543 0.0804328 
-0.00821543 0.0748462 0.0348178 
0.0804328 0.0348178 0.28041 
0.239106 -0.00090903 0.0587909 
-0.00090903 0.0865419 0.0456589 
0.0587909 0.0456589 0.279329 
0.236424 0.00746407 0.0397907 
0.00746407 0.109045 0.062944 
0.0397907 0.062944 0.306961 
0.25714 0.0161191 0.0257303 
0.0161191 0.141058 0.0854864 
0.0257303 0.0854864 0.363292 
0.294777 0.024138 0.017084 
0.024138 0.17759 0.110043 
0.017084 0.110043 0.437286 
0.338189 0.0308304 0.0127187 
0.0308304 0.212551 0.132926 
0.0127187 0.132926 0.513228 
0.377923 0.0359306 0.0109719 
0.0359306 0.241672 0.151689 
0.0109719 0.151689 0.578965 
0.409296 0.0395418 0.0105044 
0.0395418 0.263498 0.165619 
0.0105044 0.165619 0.629339 
0.431692 0.0419557 0.0105304 
0.0419557 0.278619 0.175214 
0.0105304 0.175214 0.664695 
0.446552 0.0434951 0.0106842 
0.0434951 0.288476 0.181447 
0.0106842 0.181447 0.687925 
0.455808 0.0444316 0.010829 
0.0444316 0.294554 0.185283 
0.010829 0.185283 0.702314 
0.461122 0.0449621 0.010928 
0.0449621 0.298024 0.18747 
0.0109279 0.18747 0.710548 
0.463651 0.0452131 0.0109786 
0.0452131 0.299672 0.188507 
0.0109786 0.188507 0.714461 
0.464049 0.0452532 0.0109855 
0.0452532 0.299936 0.188671 
0.0109855 0.188671 0.71508 
0.462523 0.0451047 0.0109501 
0.0451047 0.298959 0.188049 
0.0109501 0.188049 0.712731 
0.458873 0.0447484 0.010868 
0.0447484 0.296619 0.186561 
0.010868 0.186561 0.707109 
0.452488 0.0441247 0.0107283 
0.0441247 0.29254 0.183954 
0.0107283 0.183954 0.697277 
0.442321 0.0431303 0.0105157 
0.0431303 0.286084 0.179791 
0.0105157 0.179791 0.681623 
0.426874 0.0416169 0.010217 
0.0416169 0.276376 0.173442 
0.010217 0.173442 0.657852 
0.404319 0.0394011 0.00983778 
0.0394011 0.262435 0.164112 
0.00983778 0.164112 0.623169 
0.372906 0.0363017 0.00943715 
0.0363017 0.243544 0.150987 
0.00943715 0.150987 0.574927 
0.331875 0.032225 0.00918316 
0.032225 0.219979 0.133566 
0.00918315 0.133566 0.512042 
0.282809 0.0272945 0.00940912 
0.0272945 0.193981 0.112189 
0.00940912 0.112189 0.437097 
0.230735 0.0219615 0.0106029 
0.0219615 0.170321 0.0885184 
0.0106029 0.0885184 0.358013 
0.183499 0.0169609 0.0132398 
0.0169609 0.155262 0.0654474 
0.0132398 0.0654474 0.287021 
0.148649 0.0130309 0.0174777 
0.0130309 0.153598 0.0460655 
0.0174777 0.0460655 0.23574 
0.129614 0.0105533 0.0229456 
0.0105533 0.165681 0.0322329 
0.0229456 0.0322329 0.209238 
0.124496 0.00941984 0.0288679 
0.00941984 0.187275 0.0239299 
0.0288679 0.0239299 0.204242 
0.128271 0.00921209 0.0344432 
0.0092121 0.21232 0.0198164 
0.0344432 0.0198164 0.212683 
0.135901 0.00948071 0.0391532 
0.00948072 0.235915 0.0182554 
0.0391532 0.0182554 0.226607 
0.144019 0.00990707 0.0428261 
0.00990707 0.255505 0.0179726 
0.0428261 0.0179726 0.240782 
0.151015 0.0103227 0.0455319 
0.0103227 0.270493 0.0182018 
0.0455319 0.0182018 0.252778 
0.156428 0.0106629 0.0474469 
0.0106629 0.281355 0.0185626 
0.0474469 0.0185626 0.261973 
0.160347 0.0109168 0.0487617 
0.0109168 0.288923 0.0188978 
0.0487617 0.0188978 0.268597 
0.163037 0.0110942 0.0496354 
0.0110942 0.294 0.0191574 
0.0496354 0.0191574 0.27313 
0.164744 0.0112079 0.0501798 
0.0112079 0.29718 0.0193326 
0.0501798 0.0193326 0.276002 
0.165609 0.011266 0.0504537 
0.011266 0.298785 0.0194222 
0.0504537 0.0194222 0.277456 
0.165603 0.0112669 0.050456 
0.0112669 0.298799 0.0194137 
0.050456 0.0194137 0.277453 
0.164467 0.0111966 0.0501097 
0.0111966 0.296779 0.019267 
0.0501097 0.019267 0.275569 
0.161617 0.0110295 0.0492331 
0.0110295 0.291715 0.0188893 
0.0492331 0.0188893 0.270861 
0.156045 0.0107444 0.0475043 
0.0107444 0.281929 0.0180867 
0.0475043 0.0180867 0.261758 
0.146349 0.0103878 0.0444485 
0.0103878 0.265289 0.0164696 
0.0444485 0.0164696 0.246264 
0.131147 0.0102349 0.0395212 
0.0102349 0.240345 0.0132904 
0.0395212 0.0132904 0.222974 
0.110186 0.0110482 0.0323842 
0.0110483 0.208842 0.00728311 
0.0323842 0.00728311 0.193397 
0.0857896 0.0141783 0.0233456 
0.0141783 0.178333 -0.00317061 
0.0233456 -0.00317061 0.164373 
0.0629 0.0209637 0.013576 
0.0209637 0.160568 -0.0190806 
0.013576 -0.0190806 0.146665 
0.0463382 0.0314803 0.00462859 
0.0314803 0.163533 -0.0394823 
0.00462859 -0.0394823 0.147725 
0.0376102 0.0440333 -0.00243552 
0.0440333 0.184874 -0.0613494 
-0.00243552 -0.0613494 0.16563 
0.0348797 0.0562582 -0.00742557 
0.0562582 0.21496 -0.0813464 
-0.00742557 -0.0813464 0.191761 
0.0353331 0.0665293 -0.0107183 
0.0665293 0.244669 -0.0975292 
-0.0107183 -0.0975292 0.217857 
0.0369091 0.0743507 -0.0128226 
0.0743507 0.269276 -0.109575 
-0.0128226 -0.109575 0.239584 
0.0385734 0.0799604 -0.014157 
0.0799604 0.287786 -0.118095 
-0.014157 -0.118095 0.255972 
0.0399585 0.0838546 -0.0150081 
0.0838546 0.301006 -0.123957 
-0.0150081 -0.123957 0.267694 
0.0410057 0.086519 -0.0155578 
0.086519 0.310212 -0.127946 
-0.0155578 -0.127946 0.275865 
0.041764 0.0883368 -0.0159185 
0.0883368 0.316563 -0.130657 
-0.0159185 -0.130657 0.281505 
0.0423032 0.089582 -0.0161591 
0.089582 0.320945 -0.13251 
-0.0161591 -0.13251 0.285399 
0.0426849 0.0904425 -0.0163224 
0.0904425 0.323988 -0.133789 
-0.0163224 -0.133789 0.288103 
0.042956 0.0910436 -0.016435 
0.0910436 0.326121 -0.134681 
-0.016435 -0.134681 0.289999 
0.0431498 0.0914686 -0.0165139 
0.0914686 0.327633 -0.135311 
-0.0165139 -0.135311 0.291342 
0.0432896 0.0917729 -0.0165701 
0.0917729 0.328717 -0.135762 
-0.0165701 -0.135762 0.292306 
0.0433915 0.0919934 -0.0166106 
0.0919934 0.329503 -0.136089 
-0.0166106 -0.136089 0.293005 
