4  6
0.0909583  0.210055  0.162436  0.210925  0.191407  0.13422  
5.50329  -0.41072  3.09363  2.91739  
22.3031  -0.370273  -0.207317  -0.163171  
42.5256  -1.35108  0.156874  -1.68711  
63.0335  -0.206982  -0.819417  -0.0296973  
85.2878  -0.0539398  0.384956  -0.148577  
102.719  -0.0413455  -0.189708  0.112355  
8.26509  0.707533  -5.07182  -4.82059  
0.707533  0.100387  -0.415549  -0.428957  
-5.07182  -0.415549  3.3634  2.81819  
-4.82059  -0.428957  2.81819  2.9503  
50.422  -1.98136  -0.591969  -0.438062  
-1.98136  0.278145  0.0188383  0.0496073  
-0.591969  0.0188383  0.098823  -0.0139515  
-0.438062  0.0496073  -0.0139515  0.0802753  
36.8813  1.11839  -1.48687  -3.33561  
1.11839  0.501337  -0.0736366  0.0724925  
-1.48687  -0.0736366  0.153978  0.166761  
-3.33561  0.0724925  0.166761  0.749247  
54.4427  1.64221  0.579403  3.58458  
1.64221  0.521248  0.0634786  0.119289  
0.579403  0.0634786  0.311053  0.229938  
3.58458  0.119289  0.229938  0.962905  
47.1931  0.415355  -2.21042  0.413772  
0.415355  0.172784  -0.0079504  0.0551765  
-2.21042  -0.0079504  0.4087  0.000446744  
0.413772  0.0551765  0.000446744  0.286983  
23.3844  0.143057  0.889967  -0.967382  
0.143057  0.044683  0.0983286  -0.0226908  
0.889967  0.0983286  0.366558  -0.174224  
-0.967382  -0.0226908  -0.174224  0.335856  
