3,3,150
0.22575 -0.0486746 -0.00764117 
-0.0486746 0.0434577 -0.0048666 
-0.00764117 -0.0048666 0.0186189 
0.225312 -0.0485802 -0.00762635 
-0.0485802 0.0433736 -0.00485723 
-0.00762635 -0.00485723 0.0185832 
0.224485 -0.048402 -0.00759839 
-0.048402 0.043215 -0.00483963 
-0.00759839 -0.00483963 0.0185162 
0.222844 -0.0480487 -0.00754295 
-0.0480487 0.0429013 -0.00480505 
-0.00754295 -0.00480505 0.0183852 
0.219421 -0.0473125 -0.00742749 
-0.0473125 0.0422508 -0.00473439 
-0.00742749 -0.00473439 0.0181202 
0.211984 -0.0457169 -0.00717753 
-0.0457169 0.0408569 -0.00458802 
-0.00717753 -0.00458802 0.017584 
0.195628 -0.0422289 -0.00663253 
-0.0422289 0.0378923 -0.0043035 
-0.00663253 -0.0043035 0.0166112 
0.161876 -0.0351427 -0.00553274 
-0.0351427 0.0323064 -0.00391321 
-0.00553274 -0.00391321 0.0156915 
0.107124 -0.0241497 -0.00386071 
-0.0241497 0.0256396 -0.00416625 
-0.00386071 -0.00416625 0.0190965 
0.057054 -0.0155803 -0.00266269 
-0.0155803 0.0266179 -0.0070159 
-0.00266269 -0.0070159 0.0366789 
0.0426087 -0.0155104 -0.00285308 
-0.0155104 0.0383564 -0.0120776 
-0.00285308 -0.0120776 0.0651794 
0.0467874 -0.0184685 -0.0034535 
-0.0184685 0.0489703 -0.0157979 
-0.0034535 -0.0157979 0.0855846 
0.0505447 -0.0201293 -0.00377046 
-0.0201293 0.0537499 -0.01738 
-0.00377046 -0.01738 0.0941895 
0.0519276 -0.0206949 -0.00387694 
-0.0206949 0.0552914 -0.0178818 
-0.00387694 -0.0178818 0.0969115 
0.0522882 -0.0208396 -0.00390408 
-0.0208396 0.0556803 -0.0180077 
-0.00390408 -0.0180077 0.0975946 
0.0522865 -0.020839 -0.0039039 
-0.020839 0.0556789 -0.0180071 
-0.0039039 -0.0180071 0.0975919 
0.0520471 -0.0207434 -0.00388557 
-0.0207434 0.0554248 -0.0179235 
-0.00388557 -0.0179235 0.0971445 
0.0513951 -0.0204823 -0.00383391 
-0.0204823 0.0547359 -0.0176917 
-0.00383391 -0.0176917 0.095923 
0.0498228 -0.019848 -0.00369802 
-0.019848 0.0530948 -0.0171047 
-0.00369802 -0.0171047 0.0929601 
0.0463773 -0.0184306 -0.00333445 
-0.0184306 0.0496172 -0.0156569 
-0.00333445 -0.0156569 0.086367 
0.040185 -0.0157423 -0.00234131 
-0.0157423 0.043979 -0.0122204 
-0.00234131 -0.0122204 0.0740001 
0.0332833 -0.0121417 0.000221536 
-0.0121417 0.0403163 -0.00481336 
0.000221536 -0.00481336 0.0579967 
0.0333744 -0.0100097 0.00543832 
-0.0100097 0.0498191 0.00798783 
0.00543832 0.00798783 0.0502038 
0.0447595 -0.0112729 0.0124762 
-0.0112729 0.0761459 0.0234448 
0.0124762 0.0234448 0.0594292 
0.0596171 -0.0142001 0.0185803 
-0.0142001 0.104956 0.0360489 
0.0185803 0.0360489 0.0761643 
0.0703016 -0.0165535 0.0223718 
-0.0165535 0.124598 0.0436436 
0.0223718 0.0436436 0.0891107 
0.0760824 -0.0178757 0.0243052 
-0.0178757 0.135012 0.0474627 
0.0243052 0.0474627 0.0962951 
0.0787453 -0.0184937 0.0251743 
-0.0184936 0.13977 0.049169 
0.0251743 0.049169 0.0996375 
0.0796503 -0.0187044 0.025467 
-0.0187044 0.141382 0.0497424 
0.025467 0.0497424 0.100777 
0.079257 -0.01861 0.0253405 
-0.01861 0.140675 0.049495 
0.0253405 0.049495 0.100278 
0.0771229 -0.0180976 0.0246492 
-0.0180975 0.136824 0.0481397 
0.0246492 0.0481397 0.0975774 
0.0717574 -0.0167702 0.0228793 
-0.0167702 0.126924 0.0446527 
0.0228793 0.0446527 0.0907857 
0.0611452 -0.0139246 0.0192007 
-0.0139246 0.106112 0.0373101 
0.0192007 0.0373101 0.0773425 
0.0468352 -0.00913346 0.0134705 
-0.00913345 0.0727193 0.0254805 
0.0134705 0.0254805 0.0591709 
0.0394403 -0.00366892 0.00809746 
-0.00366892 0.03877 0.0133254 
0.00809746 0.0133254 0.0496421 
0.0466064 0.00014683 0.00595139 
0.000146831 0.0207778 0.00668469 
0.00595139 0.00668469 0.0584545 
0.0592685 0.00189725 0.00618787 
0.00189725 0.0168685 0.00504271 
0.00618787 0.00504271 0.0742564 
0.0682967 0.00254958 0.00683723 
0.00254958 0.0174086 0.00507631 
0.00683723 0.00507631 0.0855508 
0.0728693 0.0027849 0.00724286 
0.0027849 0.0182133 0.00528557 
0.00724286 0.00528557 0.0912757 
0.0747493 0.00286769 0.00742093 
0.00286769 0.018622 0.00539993 
0.00742093 0.00539993 0.09363 
0.0751113 0.0028833 0.00745578 
0.0028833 0.0187025 0.0054234 
0.00745578 0.0054234 0.0940834 
0.0741552 0.00284614 0.00736324 
0.00284614 0.0184666 0.00536063 
0.00736324 0.00536063 0.0928864 
0.0710785 0.00272322 0.00707457 
0.00272322 0.017725 0.00518269 
0.00707457 0.00518269 0.0890361 
0.0640119 0.00242307 0.00647268 
0.00242307 0.0161123 0.00493545 
0.00647268 0.00493545 0.0802056 
0.0516521 0.00180521 0.00574042 
0.00180521 0.0137636 0.0053496 
0.00574042 0.0053496 0.0648279 
0.0395609 0.000838677 0.00627332 
0.000838677 0.0133065 0.00905479 
0.00627332 0.00905479 0.0500473 
0.0401032 -0.000167587 0.0098707 
-0.000167587 0.0186621 0.0184547 
0.0098707 0.0184547 0.0514726 
0.0521239 -0.000848371 0.0150048 
-0.000848371 0.0274609 0.0297331 
0.0150048 0.0297331 0.0673591 
0.0634154 -0.00118704 0.0187897 
-0.00118704 0.0341969 0.0375857 
0.0187897 0.0375857 0.0820633 
0.0696525 -0.00133082 0.020731 
-0.00133082 0.0376977 0.0415287 
0.020731 0.0415287 0.0901541 
0.0723091 -0.00138586 0.0215365 
-0.00138586 0.0391572 0.0431517 
0.0215365 0.0431517 0.0935957 
0.0730445 -0.00140052 0.0217581 
-0.00140052 0.0395583 0.043596 
0.0217581 0.043596 0.0945477 
0.0724903 -0.00138951 0.021595 
-0.00138951 0.0392557 0.043263 
0.021595 0.043263 0.093828 
0.0703327 -0.00134546 0.0209612 
-0.00134546 0.038071 0.0419578 
0.0209612 0.0419578 0.0910217 
0.0653421 -0.00123531 0.0195217 
-0.00123531 0.0352809 0.0388854 
0.0195217 0.0388854 0.0844895 
0.0560018 -0.000985576 0.0169701 
-0.000985576 0.0297957 0.0328521 
0.0169701 0.0328521 0.0720459 
0.0443195 -0.000485 0.0143933 
-0.000485 0.0217979 0.0240841 
0.0143933 0.0240841 0.0555393 
0.0407851 0.000303188 0.0156929 
0.000303188 0.0155311 0.0172981 
0.0156929 0.0172981 0.0473562 
0.0522659 0.00115774 0.0226222 
0.00115774 0.0152555 0.0171742 
0.0226222 0.0171742 0.0568341 
0.068177 0.00177529 0.0303746 
0.00177529 0.0182979 0.0206816 
0.0303746 0.0206816 0.0728081 
0.0787488 0.00210208 0.0352528 
0.00210208 0.020824 0.0235542 
0.0352528 0.0235542 0.0838401 
0.0838332 0.00224604 0.0375558 
0.00224604 0.0221188 0.0250215 
0.0375558 0.0250215 0.089212 
0.0859222 0.00230322 0.0384957 
0.00230322 0.0226626 0.0256371 
0.0384957 0.0256371 0.0914289 
0.086643 0.0023227 0.0388191 
0.0023227 0.0228517 0.025851 
0.0388191 0.025851 0.0921951 
0.0866226 0.00232204 0.0388097 
0.00232204 0.0228464 0.0258447 
0.0388097 0.0258447 0.0921732 
0.0857376 0.00229697 0.03841 
0.00229697 0.0226152 0.0255798 
0.03841 0.0255798 0.0912316 
0.0829413 0.00221033 0.0371288 
0.00221033 0.0218971 0.0247379 
0.0371288 0.0247379 0.0882564 
0.0757485 0.00192843 0.0336902 
0.00192843 0.0201476 0.0225344 
0.0336902 0.0225344 0.0806051 
0.0613521 0.00100024 0.0259256 
0.00100024 0.017249 0.0178893 
0.0259256 0.0178893 0.065301 
0.0443953 -0.00165327 0.012998 
-0.00165327 0.01642 0.0114119 
0.012998 0.0114119 0.0473179 
0.0401927 -0.00663597 -0.000690405 
-0.00663597 0.0233804 0.00701693 
-0.000690405 0.00701693 0.0429795 
0.05003 -0.0119337 -0.00976432 
-0.0119337 0.0351891 0.00636504 
-0.00976432 0.00636504 0.0535995 
0.060677 -0.0154326 -0.0141677 
-0.0154326 0.0442672 0.00710087 
-0.0141677 0.00710087 0.0650324 
0.066856 -0.0171803 -0.0160375 
-0.0171803 0.0490669 0.00771035 
-0.0160375 0.00771035 0.0716598 
0.0696696 -0.017934 -0.0167867 
-0.017934 0.0511827 0.00801506 
-0.0167867 0.00801506 0.0746763 
0.0706151 -0.0181828 -0.0170277 
-0.0181828 0.0518862 0.00812027 
-0.0170277 0.00812027 0.0756901 
0.0701896 -0.018074 -0.0169264 
-0.018074 0.0515739 0.00807029 
-0.0169264 0.00807029 0.0752342 
0.0677079 -0.017433 -0.0163199 
-0.017433 0.04974 0.0077816 
-0.0163199 0.0077816 0.072576 
0.0609342 -0.0156731 -0.0146228 
-0.0156731 0.0446834 0.00697875 
-0.0146228 0.00697875 0.0653294 
0.0473989 -0.0120918 -0.010969 
-0.0120918 0.0342512 0.00527551 
-0.010969 0.00527551 0.0509069 
0.0329097 -0.00797958 -0.00592706 
-0.00797958 0.0216716 0.0030257 
-0.00592706 0.0030257 0.035716 
0.0319804 -0.00698154 -0.00262175 
-0.00698154 0.0171403 0.0017564 
-0.00262176 0.0017564 0.0353964 
0.0408287 -0.0085448 -0.00185121 
-0.0085448 0.0200142 0.00167799 
-0.00185121 0.00167799 0.0455182 
0.0475792 -0.00989481 -0.0019024 
-0.00989481 0.0230049 0.00185926 
-0.0019024 0.00185926 0.0531 
0.0505685 -0.0105086 -0.00198985 
-0.0105086 0.0244102 0.00196398 
-0.00198985 0.00196398 0.0564432 
0.0515645 -0.0107147 -0.00202536 
-0.0107147 0.0248865 0.00200127 
-0.00202536 0.00200127 0.0575559 
0.0516063 -0.0107235 -0.00202704 
-0.0107235 0.0249072 0.00200291 
-0.00202704 0.00200291 0.0576034 
0.0508422 -0.0105663 -0.00200004 
-0.0105663 0.0245451 0.00197442 
-0.00200004 0.00197442 0.0567554 
0.0486692 -0.0101254 -0.00193486 
-0.0101254 0.0235411 0.00189785 
-0.00193486 0.00189785 0.0543628 
0.0437474 -0.00916927 -0.00186807 
-0.00916927 0.0214463 0.00175555 
-0.00186807 0.00175555 0.0490751 
0.0356614 -0.00784286 -0.00222292 
-0.00784286 0.0190353 0.00170063 
-0.00222292 0.00170063 0.0411441 
0.0310888 -0.00818068 -0.00449117 
-0.00818068 0.0222582 0.00246565 
-0.00449117 0.00246565 0.040025 
0.0406419 -0.0126968 -0.00967674 
-0.0126968 0.0375391 0.00468853 
-0.00967674 0.00468853 0.0585192 
0.0571117 -0.0186112 -0.0150597 
-0.0186112 0.0559936 0.00715127 
-0.0150597 0.00715127 0.0846131 
0.0681397 -0.0223355 -0.0182159 
-0.0223355 0.0673561 0.0086277 
-0.0182159 0.0086277 0.101355 
0.0730231 -0.0239533 -0.0195539 
-0.0239533 0.0722555 0.00925855 
-0.0195539 0.00925855 0.108672 
0.0747431 -0.0245195 -0.0200183 
-0.0245195 0.073966 0.0094781 
-0.0200183 0.00947809 0.111238 
0.0750749 -0.0246283 -0.0201074 
-0.0246283 0.0742949 0.00952018 
-0.0201074 0.00952018 0.111732 
0.0745608 -0.0244579 -0.0199682 
-0.0244579 0.0737832 0.0094541 
-0.0199682 0.0094541 0.110965 
0.0729419 -0.0239175 -0.0195262 
-0.0239175 0.0721654 0.0092439 
-0.0195262 0.0092439 0.108542 
0.0691837 -0.0226336 -0.0184739 
-0.0226336 0.06836 0.00874051 
-0.0184739 0.00874051 0.102875 
0.0615242 -0.019858 -0.016187 
-0.019858 0.060336 0.00763104 
-0.016187 0.00763104 0.0910971 
0.049468 -0.0147437 -0.0119196 
-0.0147437 0.0464467 0.005493 
-0.0119196 0.005493 0.0714844 
0.0396914 -0.00784991 -0.005999 
-0.00784991 0.0305438 0.0023158 
-0.005999 0.0023158 0.0516238 
0.0436008 -0.00211008 -0.000756077 
-0.00211008 0.0225496 -0.000878894 
-0.000756077 -0.000878894 0.047327 
0.0577835 0.000702205 0.00213179 
0.000702205 0.0239743 -0.00300344 
0.00213179 -0.00300345 0.0576823 
0.0698469 0.00165037 0.00329481 
0.00165037 0.0276253 -0.00405172 
0.00329481 -0.00405172 0.0685699 
0.0762645 0.00193508 0.00371674 
0.00193508 0.0299387 -0.00449393 
0.00371674 -0.00449393 0.0746786 
0.0790315 0.002025 0.00386924 
0.002025 0.0309916 -0.00466733 
0.00386924 -0.00466734 0.0773596 
0.0801049 0.00205526 0.00392426 
0.00205526 0.0314079 -0.00473217 
0.00392426 -0.00473217 0.0784063 
0.0804557 0.00206463 0.00394177 
0.00206463 0.0315448 -0.00475309 
0.00394177 -0.00475309 0.0787492 
0.0803963 0.00206307 0.00393876 
0.00206307 0.0315215 -0.00474958 
0.00393876 -0.00474958 0.078691 
0.0797368 0.00204522 0.00390469 
0.00204522 0.0312633 -0.00471032 
0.00390469 -0.00471032 0.0780463 
0.0774959 0.00197759 0.00377595 
0.00197759 0.0303888 -0.0045747 
0.00377595 -0.0045747 0.0758622 
0.0711827 0.00172295 0.00329305 
0.00172295 0.0279508 -0.0041721 
0.00329305 -0.0041721 0.069767 
0.0574718 0.000722542 0.00140602 
0.000722542 0.0228362 -0.00315464 
0.00140602 -0.00315464 0.0569359 
0.0401091 -0.0025824 -0.00480269 
-0.0025824 0.0171798 -0.00121423 
-0.00480269 -0.00121423 0.0425384 
0.0342347 -0.00918717 -0.0171844 
-0.00918717 0.017475 0.00119733 
-0.0171844 0.00119733 0.0426502 
0.0413865 -0.0161845 -0.0302898 
-0.0161845 0.02317 0.00307183 
-0.0302898 0.00307183 0.0561719 
0.0495365 -0.020683 -0.0387118 
-0.020683 0.0282606 0.00409624 
-0.0387118 0.00409624 0.0684246 
0.0541466 -0.0228502 -0.0427684 
-0.0228502 0.0309882 0.00455497 
-0.0427684 0.00455497 0.0750128 
0.0559935 -0.0236725 -0.0443058 
-0.0236725 0.0320619 0.00472389 
-0.0443058 0.00472389 0.0776113 
0.0560297 -0.0236903 -0.0443309 
-0.0236903 0.0320809 0.00472705 
-0.0443309 0.00472705 0.0776681 
0.054263 -0.0229148 -0.0428376 
-0.0229148 0.0310441 0.0045653 
-0.0428376 0.0045653 0.0752154 
0.0497315 -0.0208416 -0.0387396 
-0.0208416 0.0283148 0.00411417 
-0.0387396 0.00411417 0.0689071 
0.0415249 -0.0165993 -0.0297284 
-0.0165993 0.0229545 0.00308371 
-0.0297284 0.00308371 0.0573989 
0.0338674 -0.0103882 -0.013976 
-0.0103882 0.0160237 0.00113619 
-0.013976 0.00113619 0.0462748 
0.0388341 -0.00557264 0.00464165 
-0.00557264 0.0129445 -0.00147195 
0.00464165 -0.00147195 0.0519761 
0.0554487 -0.0044344 0.0181117 
-0.0044344 0.0154658 -0.00364356 
0.0181117 -0.00364356 0.0736103 
0.0687038 -0.00483818 0.0245811 
-0.00483818 0.0186009 -0.00480183 
0.0245811 -0.00480183 0.0910947 
0.0747807 -0.00518678 0.0270139 
-0.00518678 0.0201782 -0.00526128 
0.0270139 -0.00526128 0.0991384 
0.0769315 -0.00532798 0.0278169 
-0.00532798 0.0207517 -0.00541609 
0.0278169 -0.00541609 0.101988 
0.0775954 -0.00537325 0.0280593 
-0.00537325 0.0209302 -0.00546314 
0.0280593 -0.00546314 0.102868 
0.0777565 -0.00538435 0.0281177 
-0.00538435 0.0209736 -0.00547451 
0.0281177 -0.00547451 0.103082 
0.0776804 -0.00537911 0.0280902 
-0.00537911 0.0209531 -0.00546916 
0.0280902 -0.00546916 0.102981 
0.0772261 -0.00534806 0.0279251 
-0.00534806 0.0208309 -0.00543715 
0.0279251 -0.00543715 0.102379 
0.0756549 -0.00524418 0.0273473 
-0.00524418 0.0204116 -0.00532637 
0.0273473 -0.00532637 0.100298 
0.0709297 -0.00496732 0.0255403 
-0.00496732 0.0191832 -0.00499204 
0.0255403 -0.00499204 0.0940499 
0.0595476 -0.00458091 0.0206401 
-0.00458091 0.0164809 -0.00417753 
0.0206401 -0.00417753 0.079092 
0.0423676 -0.00548005 0.0103499 
-0.00548005 0.0137592 -0.00289964 
0.0103499 -0.00289964 0.0569995 
0.0332809 -0.0105032 -0.00397054 
-0.0105032 0.0164831 -0.002075 
-0.00397054 -0.002075 0.0468017 
0.0388316 -0.0181936 -0.0162261 
-0.0181936 0.0246691 -0.00222681 
-0.0162261 -0.00222681 0.0565493 
0.0475476 -0.0240535 -0.0233357 
-0.0240535 0.0318325 -0.00266854 
-0.0233357 -0.00266854 0.0698231 
0.0530315 -0.0271653 -0.0266863 
-0.0271653 0.035813 -0.00296527 
-0.0266863 -0.00296527 0.0779866 
0.0557169 -0.0286026 -0.0281582 
-0.0286026 0.037683 -0.0031134 
-0.0281582 -0.0031134 0.0819559 
0.0569492 -0.0292473 -0.0288045 
-0.0292473 0.0385275 -0.00318187 
-0.0288045 -0.00318187 0.0837724 
0.0575169 -0.0295415 -0.0290967 
-0.0295415 0.0389139 -0.0032135 
-0.0290967 -0.0032135 0.0846084 
0.0577865 -0.0296805 -0.0292342 
-0.0296805 0.0390969 -0.00322854 
-0.0292342 -0.00322854 0.0850051 
0.0579197 -0.0297491 -0.029302 
-0.0297491 0.0391872 -0.00323598 
-0.029302 -0.00323598 0.0852012 
0.0579885 -0.0297845 -0.0293368 
-0.0297845 0.0392337 -0.00323982 
-0.0293368 -0.00323982 0.0853024 
