3,3,150
1.83728 -0.657533 -0.196091 
-0.657533 0.383373 0.0917743 
-0.196091 0.0917743 0.140766 
1.83632 -0.657189 -0.195988 
-0.657189 0.383172 0.0917264 
-0.195988 0.0917264 0.140693 
1.83234 -0.655765 -0.195563 
-0.655764 0.382342 0.0915275 
-0.195563 0.0915275 0.140388 
1.81593 -0.649884 -0.193806 
-0.649884 0.378912 0.0907058 
-0.193806 0.0907058 0.139128 
1.75024 -0.626272 -0.186713 
-0.626272 0.365127 0.0873956 
-0.186713 0.0873956 0.134055 
1.52025 -0.542426 -0.160931 
-0.542425 0.315958 0.0754717 
-0.160931 0.0754717 0.11584 
1.03289 -0.3525 -0.096449 
-0.3525 0.202375 0.0467318 
-0.096449 0.0467318 0.0725029 
0.890252 -0.240973 -0.0326068 
-0.240973 0.126247 0.0224641 
-0.0326068 0.0224641 0.0381867 
1.26119 -0.307005 -0.018561 
-0.307005 0.152499 0.0220813 
-0.018561 0.0220813 0.0408057 
1.47667 -0.356467 -0.0193272 
-0.356467 0.176264 0.0250073 
-0.0193272 0.0250073 0.0466229 
1.51794 -0.366245 -0.0197066 
-0.366245 0.18109 0.0256657 
-0.0197066 0.0256657 0.0478785 
1.44852 -0.349315 -0.0185265 
-0.349315 0.173176 0.0245919 
-0.0185265 0.0245919 0.0459208 
1.19453 -0.28613 -0.0121905 
-0.28613 0.147083 0.0214475 
-0.0121905 0.0214475 0.0405489 
0.719135 -0.157207 0.0166796 
-0.157207 0.121789 0.0219967 
0.0166796 0.0219967 0.0452637 
0.49309 -0.0607652 0.08649 
-0.0607652 0.187382 0.0434708 
0.08649 0.0434708 0.0961955 
0.604108 -0.0489195 0.146702 
-0.0489195 0.285953 0.0686675 
0.146702 0.0686675 0.153223 
0.684343 -0.0530809 0.169915 
-0.0530809 0.329092 0.0791976 
0.169915 0.0791976 0.176809 
0.706119 -0.0546363 0.175533 
-0.0546363 0.339856 0.0817975 
0.175533 0.0817975 0.18262 
0.699922 -0.0541439 0.173983 
-0.0541439 0.33683 0.0810674 
0.173983 0.0810674 0.18102 
0.651383 -0.050261 0.1615 
-0.050261 0.312287 0.0751112 
0.1615 0.0751112 0.168339 
0.518537 -0.0381583 0.122509 
-0.0381583 0.231416 0.0549449 
0.122509 0.0549449 0.132144 
0.48986 -0.0241817 0.0769479 
-0.0241817 0.108547 0.0208491 
0.0769479 0.0208491 0.112902 
0.826951 -0.0281025 0.0883237 
-0.0281025 0.0652554 0.0019059 
0.0883237 0.00190591 0.177802 
1.10581 -0.0359037 0.11263 
-0.0359037 0.0717156 -0.00183709 
0.11263 -0.00183708 0.236074 
1.20153 -0.0388888 0.121951 
-0.0388888 0.0767337 -0.00232594 
0.121951 -0.00232593 0.256384 
1.19582 -0.0387819 0.121247 
-0.0387819 0.0763774 -0.00223122 
0.121247 -0.00223121 0.255221 
1.07488 -0.0360629 0.10771 
-0.0360629 0.0700043 -0.000504908 
0.10771 -0.000504895 0.230306 
0.755165 -0.038496 0.0617799 
-0.0384961 0.0640291 0.0160663 
0.0617799 0.0160663 0.171625 
0.516337 -0.0929754 -0.0281253 
-0.0929754 0.118981 0.0941579 
-0.0281253 0.0941579 0.167093 
0.680783 -0.184369 -0.102306 
-0.184369 0.22658 0.201239 
-0.102306 0.201239 0.266419 
0.821075 -0.228585 -0.129958 
-0.228585 0.280293 0.250474 
-0.129958 0.250474 0.325965 
0.860285 -0.239809 -0.136488 
-0.239809 0.294025 0.262819 
-0.136488 0.262819 0.341761 
0.860106 -0.239761 -0.136452 
-0.239761 0.293961 0.262757 
-0.136452 0.262757 0.341679 
0.825631 -0.229965 -0.130622 
-0.229966 0.281877 0.251838 
-0.130622 0.251838 0.327659 
0.711801 -0.195582 -0.107397 
-0.195582 0.238657 0.211523 
-0.107397 0.211523 0.277781 
0.565098 -0.130626 -0.0372637 
-0.130626 0.149373 0.116446 
-0.0372636 0.116446 0.177245 
0.823269 -0.121469 0.0797694 
-0.121469 0.105627 0.0258593 
0.0797694 0.0258593 0.137332 
1.28905 -0.170711 0.162842 
-0.170711 0.133692 -0.000204604 
0.162842 -0.000204604 0.180816 
1.50622 -0.197959 0.193221 
-0.197959 0.153755 -0.00339843 
0.193221 -0.00339843 0.208622 
1.56794 -0.205976 0.201323 
-0.205976 0.159901 -0.0037349 
0.201323 -0.0037349 0.217004 
1.57133 -0.206417 0.201769 
-0.206417 0.160239 -0.00375447 
0.201769 -0.00375447 0.217463 
1.49979 -0.197033 0.192553 
-0.197033 0.152956 -0.00357027 
0.192553 -0.00357027 0.207527 
1.17816 -0.155122 0.150518 
-0.155122 0.120466 -0.0024644 
0.150518 -0.0024644 0.16218 
0.59003 -0.0810989 0.0679758 
-0.0810989 0.0634397 0.00215941 
0.0679758 0.00215941 0.0728055 
0.439316 -0.0684102 0.0332011 
-0.0684102 0.0545475 0.00958817 
0.0332011 0.00958817 0.0344214 
0.523217 -0.0836301 0.0348608 
-0.0836301 0.0669309 0.0135658 
0.0348608 0.0135658 0.0356874 
0.552842 -0.0885224 0.0364178 
-0.0885224 0.0708939 0.0145351 
0.0364178 0.0145351 0.0373689 
0.52046 -0.0833111 0.0334189 
-0.0833111 0.0670848 0.0142048 
0.0334189 0.0142048 0.0358352 
0.406505 -0.0646371 0.0163725 
-0.0646371 0.0562493 0.0169903 
0.0163725 0.0169903 0.0358822 
0.345289 -0.0521211 -0.0484948 
-0.0521211 0.0724892 0.0522471 
-0.0484948 0.0522471 0.0811253 
0.562579 -0.0819608 -0.145398 
-0.0819608 0.144395 0.125356 
-0.145398 0.125356 0.186057 
0.717307 -0.10425 -0.191061 
-0.10425 0.186355 0.163271 
-0.191061 0.163271 0.241835 
0.755658 -0.109814 -0.201482 
-0.109814 0.1964 0.172125 
-0.201482 0.172125 0.254931 
0.757337 -0.110057 -0.201927 
-0.110057 0.196833 0.172505 
-0.201927 0.172505 0.255495 
0.731247 -0.106234 -0.194728 
-0.106234 0.189898 0.166394 
-0.194728 0.166394 0.246481 
0.628191 -0.0905848 -0.161957 
-0.0905848 0.159767 0.139252 
-0.161957 0.139252 0.207106 
0.514577 -0.0665742 -0.0727122 
-0.0665742 0.0929611 0.0725193 
-0.0727122 0.0725193 0.117451 
0.859138 -0.0928399 0.0225357 
-0.0928399 0.0641923 0.021331 
0.0225357 0.021331 0.070781 
1.29424 -0.136419 0.0609739 
-0.136419 0.079613 0.0134057 
0.0609739 0.0134057 0.0830982 
1.45665 -0.153301 0.0704941 
-0.153301 0.0884248 0.0137958 
0.0704941 0.0137958 0.0919004 
1.45938 -0.153579 0.0707165 
-0.153579 0.0885625 0.0137884 
0.0707165 0.0137884 0.0920056 
1.31796 -0.138771 0.0634898 
-0.138771 0.0805549 0.0130494 
0.0634898 0.0130494 0.0835533 
0.949375 -0.100727 0.0418377 
-0.100727 0.063932 0.0155418 
0.0418377 0.0155418 0.0649812 
0.704516 -0.0786963 0.0109538 
-0.0786963 0.0778956 0.0432053 
0.0109538 0.0432053 0.0729476 
0.994892 -0.114655 -0.00245797 
-0.114655 0.13717 0.0892694 
-0.00245797 0.0892694 0.125074 
1.20756 -0.139469 -0.00454122 
-0.139469 0.168853 0.110807 
-0.00454122 0.110807 0.153727 
1.26265 -0.145845 -0.00481058 
-0.145845 0.17665 0.115961 
-0.00481058 0.115961 0.160817 
1.27033 -0.146732 -0.00484183 
-0.146732 0.177728 0.116669 
-0.00484183 0.116669 0.161797 
1.25694 -0.145185 -0.00479298 
-0.145185 0.175858 0.115443 
-0.00479298 0.115443 0.160103 
1.18472 -0.136833 -0.00457134 
-0.136833 0.165844 0.108895 
-0.00457134 0.108895 0.15117 
0.923209 -0.106457 -0.00452923 
-0.106457 0.130856 0.0863914 
-0.00452923 0.0863914 0.122591 
0.497255 -0.0558908 -0.0105552 
-0.0558908 0.0840789 0.0594047 
-0.0105552 0.0594047 0.106237 
0.412268 -0.0430874 -0.0269668 
-0.0430873 0.100229 0.0781449 
-0.0269668 0.0781449 0.178325 
0.507648 -0.0521534 -0.0382624 
-0.0521532 0.13189 0.104245 
-0.0382624 0.104245 0.244635 
0.553612 -0.0568031 -0.0421316 
-0.056803 0.14451 0.114326 
-0.0421316 0.114326 0.26879 
0.562826 -0.0577428 -0.0428588 
-0.0577426 0.14696 0.116271 
-0.0428588 0.116271 0.273401 
0.542166 -0.0556115 -0.0412028 
-0.0556114 0.141459 0.111909 
-0.0412028 0.111909 0.263142 
0.451331 -0.0460739 -0.0326361 
-0.0460738 0.115593 0.0912438 
-0.0326361 0.0912438 0.214475 
0.329107 -0.0312635 -0.0061772 
-0.0312635 0.0613516 0.0462399 
-0.00617721 0.04624 0.107874 
0.493783 -0.0418974 0.0285658 
-0.0418975 0.0427994 0.025803 
0.0285657 0.025803 0.0576743 
0.686396 -0.0575396 0.0450047 
-0.0575397 0.0526002 0.0297682 
0.0450047 0.0297682 0.065588 
0.742776 -0.0622355 0.0489465 
-0.0622355 0.0566027 0.0319295 
0.0489465 0.0319295 0.070297 
0.742018 -0.0621869 0.0489021 
-0.0621869 0.0565462 0.0318797 
0.0489021 0.0318797 0.0701863 
0.703785 -0.0591224 0.0463454 
-0.0591225 0.0537543 0.030186 
0.0463454 0.030186 0.0664671 
0.601177 -0.0517774 0.0392472 
-0.0517775 0.0470303 0.0253225 
0.0392472 0.0253225 0.0558476 
0.484231 -0.0508252 0.0291709 
-0.0508252 0.0458451 0.0170879 
0.0291708 0.0170879 0.0383388 
0.697445 -0.096811 0.035695 
-0.096811 0.0866448 0.0160476 
0.035695 0.0160476 0.0380195 
1.08552 -0.157304 0.0537828 
-0.157304 0.140641 0.0225732 
0.0537828 0.0225732 0.0543472 
1.25535 -0.182351 0.0620803 
-0.182351 0.163026 0.0259465 
0.0620803 0.0259465 0.0625318 
1.29696 -0.188415 0.0641331 
-0.188415 0.168447 0.0267997 
0.0641331 0.0267997 0.0645908 
1.3042 -0.189467 0.0644907 
-0.189467 0.169387 0.026949 
0.0644907 0.026949 0.0649507 
1.3 -0.188855 0.0642838 
-0.188855 0.168841 0.0268626 
0.0642838 0.0268626 0.0647427 
1.26971 -0.184435 0.0628163 
-0.184435 0.164914 0.0262533 
0.0628163 0.0262533 0.063276 
1.13648 -0.164605 0.0569036 
-0.164605 0.147744 0.0238712 
0.0569036 0.0238712 0.0575791 
0.776841 -0.106383 0.0476338 
-0.106383 0.102727 0.0211151 
0.0476338 0.0211151 0.0514932 
0.443098 -0.030667 0.0699254 
-0.0306671 0.0670892 0.0355223 
0.0699254 0.0355223 0.0887531 
0.455602 0.00456004 0.123317 
0.00455996 0.0791992 0.0647599 
0.123317 0.0647599 0.162671 
0.541148 0.013042 0.157335 
0.0130419 0.0962286 0.0828852 
0.157335 0.0828851 0.208303 
0.581953 0.0149412 0.170504 
0.0149411 0.103745 0.0898518 
0.170504 0.0898518 0.225823 
0.58454 0.0151065 0.171421 
0.0151064 0.104256 0.090339 
0.171422 0.090339 0.227051 
0.516459 0.0127215 0.151146 
0.0127214 0.0926447 0.0796533 
0.151146 0.0796533 0.200272 
0.310067 -0.00346867 0.0849596 
-0.00346872 0.0647142 0.0447586 
0.0849596 0.0447585 0.113873 
0.241595 -0.0491213 0.0420158 
-0.0491213 0.0884176 0.022068 
0.0420158 0.022068 0.0621157 
0.324551 -0.0807333 0.0487608 
-0.0807333 0.130847 0.0255772 
0.0487608 0.0255772 0.0749907 
0.356109 -0.0892482 0.0531558 
-0.0892482 0.144114 0.0278808 
0.0531558 0.0278808 0.0819014 
0.359433 -0.0901056 0.0536413 
-0.0901056 0.145481 0.0281335 
0.0536413 0.0281335 0.0826523 
0.338356 -0.084814 0.0505813 
-0.084814 0.137027 0.0264493 
0.0505813 0.0264493 0.0778248 
0.247288 -0.0617446 0.0393519 
-0.0617446 0.102266 0.0183824 
0.0393519 0.0183824 0.0574241 
0.183665 -0.0437903 0.0496116 
-0.0437903 0.0940716 0.00554719 
0.0496116 0.00554719 0.0473141 
0.28284 -0.0659465 0.0910832 
-0.0659465 0.157916 0.00270219 
0.0910832 0.00270219 0.0762204 
0.328282 -0.0764754 0.106386 
-0.0764754 0.183873 0.00285381 
0.106386 0.00285381 0.0886033 
0.328736 -0.0766387 0.106129 
-0.0766387 0.183684 0.00286844 
0.106129 0.00286844 0.0884865 
0.305673 -0.0719325 0.0939064 
-0.0719324 0.165608 0.00288803 
0.0939064 0.00288803 0.0795417 
0.331533 -0.0850852 0.0514928 
-0.0850852 0.124913 0.00546286 
0.0514928 0.00546286 0.0574231 
0.872997 -0.248083 -0.0356763 
-0.248083 0.142873 0.0223109 
-0.0356763 0.0223109 0.053096 
1.6836 -0.483022 -0.101489 
-0.483022 0.240028 0.0445398 
-0.101489 0.0445398 0.0836727 
1.97411 -0.566549 -0.120267 
-0.566549 0.280071 0.0522841 
-0.120267 0.0522841 0.0973857 
2.02511 -0.581188 -0.123403 
-0.581188 0.287273 0.053636 
-0.123403 0.053636 0.0998845 
2.02729 -0.581813 -0.123537 
-0.581813 0.287582 0.0536937 
-0.123537 0.0536937 0.0999917 
2.00232 -0.574637 -0.122014 
-0.574637 0.284035 0.0530305 
-0.122014 0.0530305 0.0987584 
1.87993 -0.539269 -0.114527 
-0.539269 0.266562 0.0497417 
-0.114527 0.0497417 0.0926806 
1.45371 -0.412804 -0.0880708 
-0.412804 0.204198 0.0376492 
-0.0880708 0.0376492 0.0709572 
0.80369 -0.195251 -0.0448374 
-0.195251 0.0977593 0.01442 
-0.0448374 0.01442 0.0336513 
0.701784 -0.100821 -0.03101 
-0.100821 0.0533844 -0.000921926 
-0.03101 -0.000921927 0.0175973 
0.868172 -0.105246 -0.0360858 
-0.105246 0.0571007 -0.00491865 
-0.0360858 -0.00491865 0.018474 
0.949354 -0.11333 -0.039254 
-0.11333 0.0616344 -0.0057196 
-0.039254 -0.0057196 0.0199048 
0.958146 -0.114251 -0.0395822 
-0.114251 0.0621613 -0.00580466 
-0.0395822 -0.00580466 0.0200777 
0.880224 -0.105386 -0.0359639 
-0.105386 0.0576379 -0.00540685 
-0.0359639 -0.00540685 0.0187469 
0.622649 -0.081469 -0.0191851 
-0.081469 0.0492329 -0.00495214 
-0.0191851 -0.00495214 0.0180458 
0.42691 -0.0977573 0.024705 
-0.0977573 0.0849734 -0.0102185 
0.024705 -0.0102185 0.0413351 
0.587202 -0.170565 0.0666022 
-0.170565 0.16101 -0.0199343 
0.0666022 -0.0199343 0.0818104 
0.699291 -0.206093 0.0819982 
-0.206093 0.195374 -0.0242227 
0.0819982 -0.0242227 0.0994795 
0.720779 -0.212564 0.0846346 
-0.212564 0.201539 -0.0249854 
0.0846346 -0.0249854 0.10263 
0.692182 -0.204144 0.0811831 
-0.204144 0.193466 -0.0239435 
0.0811831 -0.0239435 0.0985448 
0.581588 -0.171628 0.0669537 
-0.171628 0.161477 -0.0194625 
0.0669537 -0.0194625 0.0825774 
0.387239 -0.115182 0.0332623 
-0.115182 0.0978243 -0.0070633 
0.0332623 -0.00706329 0.052982 
0.414049 -0.125859 0.00184298 
-0.125859 0.075718 0.0100137 
0.00184296 0.0100137 0.0506891 
0.587963 -0.179503 -0.00709348 
-0.179503 0.0992061 0.0192781 
-0.0070935 0.0192781 0.0702636 
0.658189 -0.200985 -0.00847577 
-0.200985 0.110597 0.0218594 
-0.0084758 0.0218594 0.0785614 
0.673711 -0.205727 -0.008696 
-0.205727 0.113188 0.0223855 
-0.00869603 0.0223855 0.0804105 
0.673952 -0.2058 -0.00870031 
-0.2058 0.113228 0.0223941 
-0.00870034 0.0223941 0.0804399 
0.656134 -0.200346 -0.00849734 
-0.200345 0.110233 0.021815 
-0.00849737 0.021815 0.078352 
0.562302 -0.171241 -0.00816974 
-0.171241 0.0944112 0.0191205 
-0.00816976 0.0191205 0.0684184 
0.335261 -0.0953691 -0.0180334 
-0.0953691 0.0554429 0.0177053 
-0.0180334 0.0177053 0.0596465 
0.278911 -0.0560435 -0.060568 
-0.0560435 0.0431895 0.0365566 
-0.060568 0.0365566 0.114889 
0.368989 -0.0662417 -0.0955838 
-0.0662417 0.0561426 0.0557661 
-0.0955838 0.0557661 0.17413 
0.412389 -0.0734426 -0.107981 
-0.0734426 0.0626717 0.0628785 
-0.107981 0.0628785 0.196265 
0.425672 -0.0757646 -0.111544 
-0.0757646 0.0646848 0.0649446 
-0.111544 0.0649446 0.202709 
0.429676 -0.0764732 -0.112601 
-0.0764732 0.0652927 0.0655592 
-0.112601 0.0655592 0.204627 
0.430984 -0.0767057 -0.112945 
-0.0767057 0.0654916 0.0657594 
-0.112945 0.0657594 0.205251 
