4  21
0.0473423  0.0450096  0.0512629  0.044457  0.0517522  0.0512  0.0381339  0.0501475  0.0421076  0.0560738  0.0471915  0.0484541  0.0624683  0.0436825  0.0425592  0.0390666  0.056769  0.0439238  0.0439478  0.0536684  0.0407822  
4.13733  -6.52419  3.00721  -0.64356  
10.9488  0.836814  -0.464208  -1.02363  
18.2045  -0.150499  -0.12136  0.421974  
25.3526  -0.641133  0.544109  0.522561  
32.5819  1.04605  -0.376326  -0.659884  
40.3269  -0.72122  -0.302253  0.207232  
47.0315  0.37278  0.516667  0.564932  
53.6231  0.0024349  0.0550824  -0.461683  
60.543  -0.764118  -0.22239  -0.415184  
67.9025  0.780253  0.213391  0.833827  
75.6652  -0.599212  0.164541  -0.509259  
82.8129  -0.249886  -0.421012  -0.388087  
91.2402  0.623632  0.0835323  0.665454  
99.0003  -0.72337  0.226561  -0.416165  
105.615  0.195046  -0.410408  -0.533055  
111.685  0.515609  -0.214707  0.588706  
118.923  -0.779162  0.624445  0.29423  
126.442  1.30504  -0.590434  -0.887282  
133.019  -0.770333  -0.100162  0.34678  
140.367  -0.319723  0.530468  0.457765  
147.391  0.860243  -0.496352  -0.807539  
4.68539  2.72145  -1.82154  -0.200412  
2.72145  3.41831  -1.71566  -0.31253  
-1.82154  -1.71566  1.0916  0.169704  
-0.200412  -0.31253  0.169704  0.149362  
4.76639  2.20997  -0.76518  0.994082  
2.20997  2.59905  -0.734648  0.440456  
-0.76518  -0.734648  0.31062  -0.132979  
0.994082  0.440456  -0.132979  0.256959  
5.76823  2.43935  -0.43735  0.96279  
2.43935  1.74821  -0.240395  0.585315  
-0.43735  -0.240395  0.378088  0.0100196  
0.96279  0.585315  0.0100196  0.346048  
4.41325  -3.81906  1.13748  -0.576387  
-3.81906  4.56555  -1.02512  0.626709  
1.13748  -1.02512  0.373578  -0.151039  
-0.576387  0.626709  -0.151039  0.344268  
5.51337  1.75062  -1.08253  -0.143314  
1.75062  1.43051  -0.587554  -0.184289  
-1.08253  -0.587554  0.5115  0.295365  
-0.143314  -0.184289  0.295365  0.351203  
5.42163  2.52028  -0.372008  1.06425  
2.52028  2.7633  -0.382026  0.699114  
-0.372008  -0.382026  0.187843  -0.0768286  
1.06425  0.699114  -0.0768286  0.429196  
3.41875  -2.44938  0.730778  -0.390705  
-2.44938  2.34693  -0.618391  0.318975  
0.730778  -0.618391  0.232113  -0.0679849  
-0.390705  0.318975  -0.0679849  0.0845698  
5.39453  4.43095  -1.48177  -0.656195  
4.43095  4.40441  -1.32825  -0.742942  
-1.48177  -1.32825  0.60582  0.354482  
-0.656195  -0.742942  0.354482  0.337881  
3.91483  -2.62436  0.75208  0.520536  
-2.62436  3.30963  -0.667311  -0.273773  
0.75208  -0.667311  0.2385  0.114579  
0.520536  -0.273773  0.114579  0.166897  
6.27393  -0.887008  1.25937  -0.0881702  
-0.887008  1.40109  -0.3254  0.00760329  
1.25937  -0.3254  0.431271  0.0994619  
-0.0881702  0.00760329  0.0994619  0.163718  
4.4302  3.68223  -1.50794  -1.02619  
3.68223  3.63626  -1.31241  -0.896783  
-1.50794  -1.31241  0.663608  0.468238  
-1.02619  -0.896783  0.468238  0.517392  
4.51128  -3.91384  0.969649  0.75993  
-3.91384  4.16394  -0.905617  -0.608644  
0.969649  -0.905617  0.266955  0.196359  
0.75993  -0.608644  0.196359  0.200707  
8.24154  -0.796939  1.19799  -0.333893  
-0.796939  1.38391  -0.305695  0.0969086  
1.19799  -0.305695  0.343872  -0.0215311  
-0.333893  0.0969086  -0.0215311  0.0786099  
4.08085  4.21939  -1.21846  -1.43502  
4.21939  4.97732  -1.24389  -1.30342  
-1.21846  -1.24389  0.473433  0.523494  
-1.43502  -1.30342  0.523494  0.743445  
3.60827  -3.60243  0.722975  0.755275  
-3.60243  3.96211  -0.813435  -0.699509  
0.722975  -0.813435  0.292798  0.179941  
0.755275  -0.699509  0.179941  0.242141  
3.15792  2.35514  -0.439924  0.139285  
2.35514  2.10329  -0.408882  0.216366  
-0.439924  -0.408882  0.255648  -0.0164008  
0.139285  0.216366  -0.0164008  0.0997993  
6.48044  -1.37607  -0.376508  -0.990761  
-1.37607  2.32596  -0.503724  0.0864483  
-0.376508  -0.503724  0.310376  0.111428  
-0.990761  0.0864483  0.111428  0.251783  
4.23741  -0.420523  0.187507  0.571108  
-0.420523  1.03819  -0.13739  -0.0978597  
0.187507  -0.13739  0.0729101  0.0192352  
0.571108  -0.0978597  0.0192352  0.0978353  
4.10939  2.72986  -0.28131  0.939269  
2.72986  2.55751  -0.406312  0.711339  
-0.28131  -0.406312  0.227324  -0.0900963  
0.939269  0.711339  -0.0900963  0.320638  
5.85702  -3.80061  0.748102  -0.53191  
-3.80061  3.14384  -0.692368  0.336408  
0.748102  -0.692368  0.2094  -0.0454232  
-0.53191  0.336408  -0.0454232  0.129185  
3.33844  2.1863  -0.504352  -0.268419  
2.1863  1.86363  -0.407152  -0.288955  
-0.504352  -0.407152  0.141817  0.106442  
-0.268419  -0.288955  0.106442  0.227243  
