4  13
0.0611883  0.0891219  0.0792163  0.0766786  0.0764114  0.0842507  0.0713204  0.073523  0.080498  0.0880944  0.0662602  0.0886002  0.0648365  
5.11959  -3.85153  1.85611  -0.341718  
16.393  -8.72841  3.78229  -1.93113  
28.9936  -8.52887  3.84673  -1.27039  
40.6633  -8.52338  3.62189  -1.88725  
52.1578  -8.67982  3.6992  -1.24355  
64.2008  -8.55848  3.54274  -1.88794  
75.8546  -8.65811  4.00835  -1.09579  
86.7413  -8.52082  3.5923  -1.85769  
98.2952  -8.67637  3.69965  -1.07636  
110.96  -8.46014  3.5065  -1.74681  
122.481  -8.64773  3.86469  -1.05814  
134.157  -8.45165  3.55197  -1.79096  
145.591  -8.65111  3.8418  -1.13293  
7.21221  -7.32893  3.45498  -0.715518  
-7.32893  7.67407  -3.55974  0.719429  
3.45498  -3.55974  1.69871  -0.34765  
-0.715518  0.719429  -0.34765  0.0896698  
15.7798  -0.175405  -0.503187  -1.11279  
-0.175405  0.0544299  -0.0153229  0.00845109  
-0.503187  -0.0153229  0.0719306  0.0174107  
-1.11279  0.00845109  0.0174107  0.176428  
13.1218  -1.2042  0.841389  0.490651  
-1.2042  0.191851  -0.0963165  -0.0190193  
0.841389  -0.0963165  0.198335  0.0822618  
0.490651  -0.0190193  0.0822618  0.12126  
12.2622  -0.653859  -0.752059  -0.0755351  
-0.653859  0.111441  0.0430421  0.0116281  
-0.752059  0.0430421  0.0651892  0.0101598  
-0.0755351  0.0116281  0.0101598  0.096383  
11.9741  -1.26128  1.11616  0.327889  
-1.26128  0.20744  -0.119001  -0.0123212  
1.11616  -0.119001  0.144437  0.0750808  
0.327889  -0.0123212  0.0750808  0.10552  
14.1384  -0.311631  -0.530493  0.0244211  
-0.311631  0.0941534  0.0140328  0.0385684  
-0.530493  0.0140328  0.0429256  0.025126  
0.0244211  0.0385684  0.025126  0.0929197  
9.96217  -1.08982  0.758893  -0.0763551  
-1.08982  0.191389  -0.101604  -0.00905242  
0.758893  -0.101604  0.11084  0.00248148  
-0.0763551  -0.00905242  0.00248148  0.0779394  
10.3002  -0.699728  -0.650656  -0.0980556  
-0.699728  0.0999249  0.0333151  0.00460401  
-0.650656  0.0333151  0.0663856  0.00822719  
-0.0980556  0.00460401  0.00822719  0.0594109  
12.3137  -1.31522  0.916829  0.407368  
-1.31522  0.216431  -0.122843  -0.0638535  
0.916829  -0.122843  0.143427  0.0399626  
0.407368  -0.0638535  0.0399626  0.126516  
15.0168  -0.101618  -0.586704  0.138307  
-0.101618  0.0814522  0.00604283  0.00302104  
-0.586704  0.00604283  0.0545883  -0.010175  
0.138307  0.00302104  -0.010175  0.0803252  
8.63676  -1.08134  0.623716  -0.0966773  
-1.08134  0.194241  -0.102986  -0.0344928  
0.623716  -0.102986  0.0787491  -0.002012  
-0.0966773  -0.0344928  -0.002012  0.0826709  
15.1723  -0.225924  -0.492049  0.0952128  
-0.225924  0.0812358  0.00193456  0.0267416  
-0.492049  0.00193456  0.0369622  -0.00857044  
0.0952128  0.0267416  -0.00857044  0.103832  
8.22787  -1.10994  0.460465  -0.141775  
-1.10994  0.207817  -0.0919514  -0.0102606  
0.460465  -0.0919514  0.0650691  -0.0111796  
-0.141775  -0.0102606  -0.0111796  0.0878883  
