4  12
0.0271609  0.0619045  0.102251  0.0409991  0.175694  0.0721737  0.0960617  0.0558119  0.135338  0.0688731  0.074831  0.0889011  
6.72545  0.484854  5.0222  0.654009  
35.4666  -0.210343  8.62259  2.86421  
68.4445  -1.0616  9.03811  1.30499  
142.381  -2.46146  7.63305  2.35822  
124.665  0.671981  9.46791  1.56824  
196.392  -3.12776  8.45458  2.84678  
233.037  -3.82335  8.08411  1.68735  
267.571  0.821926  8.83155  1.50568  
310.455  5.99505  7.22617  2.40855  
354.316  2.3041  8.53174  4.23961  
387.353  1.5311  8.93031  1.0371  
421.634  1.27157  9.5285  1.04283  
14.5118  1.80152  11.7925  0.565512  
1.80152  0.842206  1.37344  0.0685274  
11.7925  1.37344  10.4031  0.972516  
0.565512  0.0685274  0.972516  0.932939  
198.451  -5.16185  -5.59499  6.47502  
-5.16185  5.87654  1.26439  0.305926  
-5.59499  1.26439  1.07835  -1.36249  
6.47502  0.305926  -1.36249  3.00395  
1013.63  -64.5662  -17.5545  -10.1056  
-64.5662  7.55544  1.96725  1.00846  
-17.5545  1.96725  0.687569  0.349101  
-10.1056  1.00846  0.349101  1.16989  
391.965  0.61555  0.841827  -33.5356  
0.61555  5.34655  1.58099  2.31471  
0.841827  1.58099  2.23642  -0.483287  
-33.5356  2.31471  -0.483287  7.67767  
1436.1  -3.77383  -0.44362  1.52555  
-3.77383  0.142682  -0.0356583  0.115481  
-0.44362  -0.0356583  0.0347281  -0.0841458  
1.52555  0.115481  -0.0841458  0.352973  
176.89  -18.0415  -4.91209  6.31621  
-18.0415  3.85838  1.34177  -1.03454  
-4.91209  1.34177  0.953103  -0.346478  
6.31621  -1.03454  -0.346478  0.896003  
195.472  3.32951  -3.49698  -3.21151  
3.32951  0.8607  0.359803  0.135077  
-3.49698  0.359803  0.385693  0.0867942  
-3.21151  0.135077  0.0867942  0.509105  
55.4331  21.2365  -0.46759  -2.12727  
21.2365  9.12823  -0.218309  -0.819057  
-0.46759  -0.218309  0.243731  -0.0726374  
-2.12727  -0.819057  -0.0726374  0.494938  
343.255  -8.76228  6.30131  20.5476  
-8.76228  0.64494  -0.387313  -0.788613  
6.30131  -0.387313  0.444412  0.521679  
20.5476  -0.788613  0.521679  1.75028  
145.026  -23.3291  9.18182  -2.90175  
-23.3291  5.65004  -2.19867  0.33694  
9.18182  -2.19867  1.43074  -0.832898  
-2.90175  0.33694  -0.832898  1.76246  
168.862  9.31695  1.28575  0.591494  
9.31695  1.61241  -0.318969  -0.451029  
1.28575  -0.318969  0.557189  0.361063  
0.591494  -0.451029  0.361063  1.01408  
171.88  -6.71403  -0.0582869  3.08419  
-6.71403  0.797936  -0.0881131  -0.0828672  
-0.0582869  -0.0881131  0.0758372  -0.0957571  
3.08419  -0.0828672  -0.0957571  0.525799  
