4  12
0.0188957  0.0811872  0.03098  0.150371  0.188684  0.0504375  0.100538  0.0551651  0.0917757  0.02416  0.104479  0.103327  
5.52304  1.11793  4.04412  0.744362  
39.6492  1.70193  9.17798  1.76829  
97.8738  -1.14791  5.07424  2.92985  
100.948  1.56678  9.56494  1.0949  
191.685  1.22264  9.59343  0.676839  
258.039  5.47236  7.21431  -0.311211  
297.989  9.86943  1.93852  -1.20227  
337.789  4.02141  8.46632  0.34203  
376.79  -3.89964  8.11771  1.79092  
407.793  2.93752  7.98424  -0.112087  
440.175  8.4706  4.84557  -0.586423  
491.324  -1.05826  8.93581  1.38274  
8.98843  2.08476  8.04914  1.60959  
2.08476  0.788087  2.07159  0.356941  
8.04914  2.07159  7.70047  1.40822  
1.60959  0.356941  1.40822  1.03374  
570.098  -10.4097  1.70895  9.26936  
-10.4097  1.79526  0.016013  -0.480518  
1.70895  0.016013  0.328047  -0.0017909  
9.26936  -0.480518  -0.0017909  1.3313  
898.953  -29.4935  -39.0462  -12.7345  
-29.4935  31.7544  6.95877  2.61742  
-39.0462  6.95877  10.3297  -1.05929  
-12.7345  2.61742  -1.05929  1.82979  
1587.45  -2.0891  1.48474  -6.79476  
-2.0891  0.117604  -0.011261  -0.00765537  
1.48474  -0.011261  0.0135095  -0.0357734  
-6.79476  -0.00765537  -0.0357734  0.230996  
1176.01  -5.42331  3.24216  -1.72605  
-5.42331  0.21164  -0.0396954  -0.130925  
3.24216  -0.0396954  0.169793  0.100118  
-1.72605  -0.130925  0.100118  0.397772  
61.7209  20.8922  -30.9522  -8.22259  
20.8922  7.5179  -11.0665  -3.01683  
-30.9522  -11.0665  17.2585  4.22328  
-8.22259  -3.01683  4.22328  1.95193  
266.003  -5.2631  23.8981  0.21169  
-5.2631  0.368079  -0.919477  -0.136599  
23.8981  -0.919477  3.2637  0.289334  
0.21169  -0.136599  0.289334  0.304731  
139.563  -22.3703  9.10995  6.61923  
-22.3703  6.73329  -2.74825  -1.61576  
9.10995  -2.74825  1.32343  0.62973  
6.61923  -1.61576  0.62973  0.867956  
296.301  -16.752  -8.68965  -0.907284  
-16.752  2.36649  1.24253  -0.00132159  
-8.68965  1.24253  0.852453  -0.2121  
-0.907284  -0.00132159  -0.2121  0.778156  
204.105  13.2686  -6.03211  0.0380278  
13.2686  13.4155  -4.36712  -2.87676  
-6.03211  -4.36712  1.84645  0.962876  
0.0380278  -2.87676  0.962876  1.68354  
459.975  -25.6989  30.6218  1.58781  
-25.6989  3.40723  -3.96293  -1.00201  
30.6218  -3.96293  5.41651  1.21993  
1.58781  -1.00201  1.21993  1.14412  
356.699  -17.0965  -0.196761  -1.79904  
-17.0965  7.68466  1.70178  -1.17227  
-0.196761  1.70178  0.759528  -0.590146  
-1.79904  -1.17227  -0.590146  1.14827  
