4  10
0.0525124  0.0541089  0.213624  0.12224  0.107547  0.049561  0.114927  0.0436422  0.198481  0.0433563  
5.38886  0.195485  4.33761  -0.721753  
15.6058  0.822179  9.88093  -1.96512  
39.7222  1.81669  9.71732  -1.69674  
69.9217  4.73669  8.79859  -1.64636  
91.5089  7.18113  7.09123  -1.48403  
108.587  8.55979  5.51138  -1.55422  
123.187  9.36896  3.85161  -1.75434  
132.359  9.76236  2.93377  -0.365109  
157.975  10.2603  0.661278  -1.8646  
169.008  10.3015  0.141339  -0.579756  
8.41723  0.425105  8.53628  -1.20959  
0.425105  0.0323186  0.437181  -0.0507699  
8.53628  0.437181  9.10871  -1.35541  
-1.20959  -0.0507699  -1.35541  0.36805  
12.9869  -0.278044  1.38504  -0.16741  
-0.278044  0.469244  -0.0528145  0.217474  
1.38504  -0.0528145  0.310449  0.0509221  
-0.16741  0.217474  0.0509221  0.752118  
147.3  8.17802  -1.88794  -0.0324016  
8.17802  0.760028  -0.140246  -0.045006  
-1.88794  -0.140246  0.0447491  0.0751293  
-0.0324016  -0.045006  0.0751293  0.632759  
57.3405  6.3713  -3.117  0.436485  
6.3713  0.860094  -0.404023  0.116624  
-3.117  -0.404023  0.208368  0.019294  
0.436485  0.116624  0.019294  0.759233  
44.5435  5.17551  -4.85306  0.166059  
5.17551  0.64367  -0.578917  0.0483738  
-4.85306  -0.578917  0.548122  -0.0108805  
0.166059  0.0483738  -0.0108805  0.47748  
32.6488  2.27477  -3.11934  1.11853  
2.27477  0.175242  -0.223847  0.0513194  
-3.11934  -0.223847  0.334604  -0.139671  
1.11853  0.0513194  -0.139671  0.638699  
149.499  5.90147  -14.3654  -1.23625  
5.90147  0.298772  -0.601897  -0.0465182  
-14.3654  -0.601897  1.4346  0.140241  
-1.23625  -0.0465182  0.140241  0.0831517  
162.767  4.12946  -13.5432  1.42326  
4.12946  0.131593  -0.350329  0.0146136  
-13.5432  -0.350329  1.22767  -0.106084  
1.42326  0.0146136  -0.106084  0.091131  
231.408  1.73068  -13.2084  -0.088429  
1.73068  0.0372743  -0.0960363  0.00952843  
-13.2084  -0.0960363  0.982533  -0.00408026  
-0.088429  0.00952843  -0.00408026  0.0658616  
85.9664  0.287968  2.09106  -2.48808  
0.287968  0.0236604  0.109301  -0.107344  
2.09106  0.109301  0.731554  -0.679209  
-2.48808  -0.107344  -0.679209  0.721575  
