3,3,183
0.010542 0.00582118 0.00991333 
0.00582121 0.434583 -0.123808 
0.00991333 -0.123808 0.187079 
0.0105666 0.00585773 0.00997391 
0.00585776 0.437009 -0.124509 
0.00997391 -0.124509 0.188053 
0.0105589 0.00585991 0.00997816 
0.00585993 0.43708 -0.124531 
0.00997816 -0.124531 0.188063 
0.0105097 0.00582535 0.00992446 
0.00582538 0.434562 -0.123811 
0.00992446 -0.123811 0.186999 
0.0104091 0.00573241 0.00978976 
0.00573244 0.427956 -0.121914 
0.00978976 -0.121914 0.184254 
0.0103033 0.00552285 0.00954343 
0.00552288 0.41354 -0.117745 
0.00954343 -0.117745 0.178436 
0.0106621 0.00505392 0.00928606 
0.00505394 0.383545 -0.108926 
0.00928606 -0.108926 0.167198 
0.0142317 0.00398335 0.0100685 
0.00398337 0.325434 -0.0911188 
0.0100685 -0.0911188 0.149712 
0.0322965 0.00158297 0.0168695 
0.00158298 0.232803 -0.0596297 
0.0168695 -0.0596297 0.140257 
0.0894176 -0.003034 0.0412554 
-0.00303399 0.137766 -0.017645 
0.0412554 -0.017645 0.187903 
0.189147 -0.00919876 0.0857811 
-0.00919876 0.0971726 0.0191781 
0.0857811 0.0191781 0.320092 
0.281991 -0.0142555 0.128013 
-0.0142555 0.103903 0.0404989 
0.128013 0.0404989 0.460482 
0.333904 -0.0169418 0.151775 
-0.0169418 0.116963 0.0497145 
0.151775 0.0497145 0.542609 
0.352641 -0.0179125 0.160203 
-0.0179125 0.12273 0.0527377 
0.160203 0.0527377 0.57282 
0.352771 -0.0179729 0.159779 
-0.0179729 0.122468 0.0528571 
0.159779 0.0528571 0.573358 
0.341676 -0.0175251 0.153678 
-0.0175251 0.118102 0.0513677 
0.153678 0.0513677 0.556124 
0.321433 -0.0167187 0.142449 
-0.0167187 0.110103 0.0486619 
0.142449 0.0486619 0.524758 
0.29221 -0.0156509 0.125354 
-0.0156509 0.0981398 0.0448957 
0.125354 0.0448957 0.480136 
0.255304 -0.0145554 0.101446 
-0.0145554 0.0819396 0.0405076 
0.101446 0.0405076 0.425511 
0.21668 -0.0140053 0.070961 
-0.0140053 0.0624099 0.0367829 
0.070961 0.0367829 0.372415 
0.189191 -0.0149505 0.0370147 
-0.0149505 0.0427379 0.0360767 
0.0370147 0.0360767 0.34375 
0.186918 -0.0181354 0.00573902 
-0.0181354 0.0276961 0.0405385 
0.00573902 0.0405385 0.362589 
0.21091 -0.0230538 -0.017264 
-0.0230538 0.0200642 0.0495111 
-0.017264 0.0495111 0.426815 
0.245433 -0.028008 -0.0309101 
-0.028008 0.0182495 0.0593331 
-0.0309101 0.0593331 0.504737 
0.274023 -0.0316308 -0.037811 
-0.0316308 0.0188202 0.0667687 
-0.037811 0.0667687 0.565992 
0.291389 -0.0337193 -0.0409762 
-0.0337193 0.0196505 0.0711223 
-0.0409762 0.0711223 0.602435 
0.300021 -0.0347343 -0.0423372 
-0.0347343 0.0201634 0.0732526 
-0.0423372 0.0732526 0.620391 
0.303759 -0.0351697 -0.0428885 
-0.0351697 0.0204034 0.0741691 
-0.0428885 0.0741691 0.628139 
0.305219 -0.035339 -0.0430979 
-0.035339 0.0204999 0.074526 
-0.0430979 0.074526 0.63116 
0.305741 -0.0353995 -0.0431721 
-0.0353995 0.0205348 0.0746536 
-0.0431721 0.0746536 0.63224 
0.305914 -0.0354195 -0.0431965 
-0.0354195 0.0205463 0.0746957 
-0.0431965 0.0746957 0.632597 
0.305966 -0.0354255 -0.0432038 
-0.0354255 0.0205498 0.0747084 
-0.0432038 0.0747084 0.632704 
0.305979 -0.0354271 -0.0432057 
-0.0354271 0.0205507 0.0747116 
-0.0432057 0.0747116 0.632732 
0.305979 -0.0354271 -0.0432058 
-0.0354271 0.0205507 0.0747117 
-0.0432058 0.0747117 0.632732 
0.305974 -0.0354265 -0.043205 
-0.0354265 0.0205504 0.0747104 
-0.043205 0.0747104 0.632721 
0.305963 -0.0354252 -0.0432034 
-0.0354252 0.0205496 0.0747077 
-0.0432034 0.0747077 0.632698 
0.305943 -0.035423 -0.0432007 
-0.035423 0.0205483 0.074703 
-0.0432007 0.074703 0.632658 
0.30591 -0.0354191 -0.043196 
-0.0354191 0.0205461 0.0746949 
-0.043196 0.0746949 0.63259 
0.305854 -0.0354126 -0.0431881 
-0.0354126 0.0205423 0.0746812 
-0.0431881 0.0746812 0.632474 
0.30576 -0.0354018 -0.0431748 
-0.0354018 0.020536 0.0746583 
-0.0431748 0.0746583 0.63228 
0.305606 -0.0353838 -0.0431529 
-0.0353838 0.0205256 0.0746205 
-0.0431529 0.0746205 0.63196 
0.305353 -0.0353546 -0.0431171 
-0.0353546 0.0205087 0.0745587 
-0.0431171 0.0745587 0.631437 
0.304944 -0.0353074 -0.0430593 
-0.0353074 0.0204813 0.074459 
-0.0430593 0.074459 0.630593 
0.304293 -0.0352321 -0.0429669 
-0.0352321 0.0204377 0.0743 
-0.0429669 0.0743 0.629248 
0.303267 -0.0351139 -0.042821 
-0.0351139 0.0203692 0.0740497 
-0.042821 0.0740497 0.627133 
0.301676 -0.0349308 -0.0425936 
-0.0349308 0.0202631 0.0736612 
-0.0425936 0.0736612 0.623855 
0.299242 -0.034652 -0.0422434 
-0.034652 0.0201018 0.0730675 
-0.0422434 0.0730675 0.618856 
0.295587 -0.0342357 -0.0417117 
-0.0342357 0.0198612 0.0721758 
-0.0417117 0.0721758 0.611372 
0.290205 -0.0336284 -0.0409163 
-0.0336284 0.0195111 0.0708641 
-0.0409163 0.0708641 0.600418 
0.282475 -0.0327685 -0.0397464 
-0.0327685 0.0190171 0.0689819 
-0.0397464 0.0689819 0.58482 
0.271704 -0.0315961 -0.0380582 
-0.0315961 0.0183472 0.0663627 
-0.0380582 0.0663627 0.563369 
0.25725 -0.0300749 -0.0356766 
-0.0300749 0.0174856 0.0628557 
-0.0356766 0.0628557 0.535157 
0.238751 -0.0282278 -0.0324053 
-0.0282278 0.0164543 0.0583821 
-0.0324053 0.0583821 0.50015 
0.216437 -0.0261807 -0.0280543 
-0.0261807 0.0153401 0.0530121 
-0.0280543 0.0530121 0.459916 
0.191415 -0.024194 -0.0224851 
-0.024194 0.0143119 0.0470359 
-0.0224851 0.0470359 0.4182 
0.165744 -0.022648 -0.0156703 
-0.022648 0.0136098 0.0409767 
-0.0156703 0.0409767 0.380824 
0.142081 -0.0219566 -0.00774753 
-0.0219566 0.0134884 0.0354989 
-0.00774753 0.0354989 0.354452 
0.122937 -0.0224261 0.000963589 
-0.0224261 0.0141275 0.0312178 
0.000963589 0.0312178 0.344448 
0.109875 -0.0241315 0.0100049 
-0.0241315 0.015556 0.0284997 
0.0100049 0.0284997 0.352876 
0.103109 -0.026887 0.0188753 
-0.026887 0.0176376 0.0273661 
0.0188753 0.0273661 0.377862 
0.101688 -0.0303273 0.0271387 
-0.0303273 0.0201254 0.0275472 
0.0271387 0.0275472 0.414627 
0.104053 -0.0340406 0.0344973 
-0.0340406 0.0227489 0.0286286 
0.0344973 0.0286286 0.457399 
0.108613 -0.037679 0.0408104 
-0.037679 0.0252842 0.0301977 
0.0408104 0.0301977 0.501088 
0.114088 -0.0410098 0.0460692 
-0.0410098 0.0275845 0.0319296 
0.0460692 0.0319296 0.542112 
0.119615 -0.0439131 0.0503511 
-0.0439131 0.0295777 0.0336106 
0.0503511 0.0336106 0.57847 
0.124697 -0.0463535 0.053776 
-0.0463535 0.0312461 0.0351227 
0.053776 0.0351227 0.609376 
0.129093 -0.0483457 0.0564724 
-0.0483457 0.0326043 0.0364134 
0.0564724 0.0364134 0.634803 
0.132717 -0.0499257 0.0585564 
-0.0499257 0.0336793 0.0374682 
0.0585564 0.0374682 0.655079 
0.135549 -0.0511308 0.0601184 
-0.0511308 0.0344981 0.0382882 
0.0601184 0.0382882 0.670598 
0.137579 -0.0519848 0.0612164 
-0.0519848 0.0350782 0.0388744 
0.0612164 0.0388744 0.681617 
0.13876 -0.0524875 0.0618685 
-0.0524875 0.0354201 0.0392162 
0.0618685 0.0392162 0.688103 
0.138975 -0.0526048 0.0620467 
-0.0526048 0.0355019 0.0392816 
0.0620467 0.0392816 0.689598 
0.138 -0.0522591 0.0616673 
-0.0522591 0.0352724 0.0390081 
0.0616673 0.0390081 0.6851 
0.135482 -0.0513205 0.0605844 
-0.0513205 0.0346463 0.0382952 
0.0605844 0.0382952 0.672969 
0.130934 -0.049606 0.0585912 
-0.049606 0.0335057 0.0370026 
0.0585912 0.0370026 0.650963 
0.123783 -0.0468992 0.0554483 
-0.0468992 0.0317161 0.0349629 
0.0554483 0.0349629 0.616594 
0.11354 -0.0430131 0.0509637 
-0.0430131 0.0291742 0.032026 
0.0509637 0.032026 0.568098 
0.100116 -0.0379106 0.0451437 
-0.0379106 0.0258951 0.0281464 
0.0451437 0.0281464 0.50621 
0.0842389 -0.0318613 0.0383801 
-0.0318613 0.0221204 0.023499 
0.0383801 0.023499 0.436261 
0.0676735 -0.0255273 0.0315358 
-0.0255273 0.0183626 0.0185491 
0.0315358 0.0185491 0.368927 
0.0528462 -0.0198244 0.0257409 
-0.0198244 0.0152792 0.0139624 
0.0257409 0.0139624 0.317397 
0.0418315 -0.0155421 0.0218963 
-0.0155421 0.0133773 0.0103388 
0.0218963 0.0103388 0.29124 
0.0353908 -0.0129797 0.020235 
-0.0129797 0.0127606 0.00794434 
0.020235 0.00794434 0.291391 
0.0328635 -0.0119017 0.0203151 
-0.0119017 0.0131365 0.00666105 
0.0203151 0.00666105 0.310717 
0.0328649 -0.0117954 0.0213933 
-0.0117955 0.0140466 0.00615553 
0.0213933 0.00615553 0.339083 
0.034068 -0.0121646 0.0228091 
-0.0121646 0.0150954 0.00608374 
0.0228091 0.00608374 0.368149 
0.0355771 -0.0126708 0.0241494 
-0.0126708 0.0160435 0.00619813 
0.0241494 0.00619813 0.393148 
0.0369279 -0.0131361 0.0252271 
-0.0131362 0.01679 0.00635772 
0.0252271 0.00635772 0.412319 
0.0379395 -0.0134888 0.0259931 
-0.0134889 0.0173157 0.00649623 
0.0259931 0.00649623 0.425606 
0.0385707 -0.0137104 0.0264584 
-0.0137105 0.0176356 0.00658798 
0.0264584 0.00658798 0.433588 
0.0388266 -0.0138009 0.0266457 
-0.0138009 0.0177694 0.00662445 
0.0266457 0.00662445 0.436839 
0.0387086 -0.01376 0.026564 
-0.0137601 0.0177269 0.00660105 
0.026564 0.00660105 0.435621 
0.03819 -0.0135784 0.0261963 
-0.0135785 0.0175019 0.00650999 
0.0261963 0.00650999 0.429743 
0.0372058 -0.0132336 0.0254932 
-0.0132336 0.017071 0.00633621 
0.0254932 0.00633621 0.418527 
0.0356545 -0.0126906 0.024372 
-0.0126907 0.0163986 0.00605418 
0.024372 0.00605418 0.400888 
0.0334172 -0.0119096 0.0227223 
-0.0119096 0.0154511 0.00562504 
0.0227223 0.00562504 0.375613 
0.0304049 -0.0108624 0.0204279 
-0.0108624 0.0142283 0.00499442 
0.0204279 0.00499442 0.342023 
0.0266437 -0.00956319 0.0174104 
-0.00956323 0.0128124 0.0040934 
0.0174104 0.0040934 0.301073 
0.0223729 -0.00810281 0.0136939 
-0.00810284 0.011417 0.00284883 
0.0136939 0.00284883 0.256593 
0.0180841 -0.00666038 0.00946234 
-0.0066604 0.0103822 0.00121131 
0.00946234 0.00121131 0.215538 
0.014402 -0.00545822 0.00505788 
-0.00545823 0.0100611 -0.000798415 
0.00505788 -0.000798416 0.185987 
0.0118184 -0.00466522 0.000892483 
-0.00466523 0.0106262 -0.00304901 
0.000892483 -0.00304901 0.173168 
0.0104642 -0.00431781 -0.00268621 
-0.00431781 0.011947 -0.00530689 
-0.00268621 -0.00530689 0.176442 
0.0101142 -0.00432635 -0.00548512 
-0.00432634 0.0136602 -0.00730623 
-0.00548512 -0.00730623 0.189991 
0.0103868 -0.00455058 -0.00746845 
-0.00455057 0.0153657 -0.00883475 
-0.00746845 -0.00883476 0.20633 
0.0109471 -0.00487301 -0.00870297 
-0.004873 0.0167838 -0.00977769 
-0.00870297 -0.00977769 0.219497 
0.0115946 -0.00522897 -0.0092977 
-0.00522896 0.0177962 -0.0101089 
-0.0092977 -0.0101089 0.226177 
0.0122561 -0.00560208 -0.00936497 
-0.00560207 0.0184111 -0.00985673 
-0.00936497 -0.00985673 0.225278 
0.0129445 -0.00600826 -0.00900437 
-0.00600825 0.0187112 -0.00907326 
-0.00900437 -0.00907326 0.217066 
0.0137219 -0.00648169 -0.0083018 
-0.00648168 0.0188169 -0.00781777 
-0.0083018 -0.00781777 0.202512 
0.0146749 -0.00706525 -0.00733591 
-0.00706524 0.0188684 -0.00615415 
-0.00733591 -0.00615415 0.182966 
0.0158967 -0.00780274 -0.00618625 
-0.00780273 0.019015 -0.00415644 
-0.00618625 -0.00415644 0.160054 
0.0174677 -0.0087295 -0.00493915 
-0.00872948 0.0194027 -0.00191674 
-0.00493915 -0.00191674 0.135639 
0.0194311 -0.00985996 -0.00368785 
-0.00985994 0.0201523 0.000450096 
-0.00368785 0.000450097 0.111718 
0.021764 -0.0111739 -0.00252503 
-0.0111738 0.021328 0.00280998 
-0.00252503 0.00280999 0.0901914 
0.024358 -0.012607 -0.00152893 
-0.012607 0.0229067 0.00502339 
-0.00152893 0.00502339 0.0725171 
0.0270211 -0.0140542 -0.000748568 
-0.0140541 0.0247677 0.00696662 
-0.000748568 0.00696663 0.0594045 
0.0295136 -0.0153883 -0.000195795 
-0.0153883 0.0267152 0.00855279 
-0.000195795 0.00855279 0.0507062 
0.0316054 -0.0164907 0.000151104 
-0.0164907 0.0285318 0.00974341 
0.000151104 0.00974341 0.0455936 
0.0331319 -0.0172787 0.000334324 
-0.0172786 0.0300392 0.0105465 
0.000334324 0.0105465 0.0429263 
0.0340224 -0.0177192 0.000401125 
-0.0177192 0.0311371 0.0110036 
0.000401125 0.0110036 0.041622 
0.0342944 -0.0178249 0.000392722 
-0.0178249 0.0318102 0.0111736 
0.000392722 0.0111736 0.0408772 
0.0340252 -0.0176384 0.000339755 
-0.0176383 0.032108 0.0111175 
0.000339755 0.0111175 0.0402115 
0.0333181 -0.0172147 0.000262749 
-0.0172147 0.0321163 0.0108904 
0.000262749 0.0108904 0.0394017 
0.0322771 -0.0166082 0.000174781 
-0.0166082 0.031933 0.0105362 
0.000174781 0.0105362 0.0383842 
0.0309922 -0.015865 8.43426e-05 
-0.0158649 0.0316536 0.0100882 
8.43427e-05 0.0100882 0.0371749 
0.0295352 -0.0150209 -2.46345e-06 
-0.0150209 0.0313662 0.00956966 
-2.46322e-06 0.00956966 0.035819 
0.0279614 -0.0141026 -8.04942e-05 
-0.0141026 0.0311525 0.00899634 
-8.04939e-05 0.00899635 0.0343674 
0.0263138 -0.0131297 -0.000144733 
-0.0131297 0.0310913 0.00837863 
-0.000144733 0.00837863 0.0328679 
0.0246276 -0.0121172 -0.000189859 
-0.0121172 0.0312628 0.00772332 
-0.000189858 0.00772332 0.0313646 
0.0229346 -0.0110773 -0.000210063 
-0.0110773 0.0317524 0.00703511 
-0.000210063 0.00703512 0.0299002 
0.0212652 -0.0100215 -0.000199067 
-0.0100215 0.0326524 0.00631768 
-0.000199067 0.00631769 0.028518 
0.0196508 -0.00896095 -0.000150291 
-0.00896094 0.0340617 0.00557438 
-0.000150291 0.00557438 0.0272633 
0.0181238 -0.00790717 -5.71684e-05 
-0.00790716 0.0360841 0.00480873 
-5.71681e-05 0.00480873 0.0261838 
0.0167174 -0.00687211 8.64102e-05 
-0.0068721 0.0388227 0.00402468 
8.64104e-05 0.00402468 0.0253282 
0.0154641 -0.00586782 0.000285546 
-0.00586781 0.0423732 0.0032268 
0.000285546 0.0032268 0.0247443 
0.0143935 -0.00490598 0.000543716 
-0.00490598 0.0468139 0.00242029 
0.000543716 0.00242029 0.0244749 
0.0135303 -0.00399732 0.000862165 
-0.00399732 0.0521956 0.00161092 
0.000862165 0.00161092 0.0245545 
0.0128918 -0.00315095 0.00123939 
-0.00315094 0.0585305 0.000804974 
0.00123939 0.000804975 0.0250046 
0.0124856 -0.00237383 0.00167079 
-0.00237382 0.0657837 9.00796e-06 
0.00167079 9.00866e-06 0.0258304 
0.0123088 -0.0016704 0.00214858 
-0.0016704 0.0738671 -0.00077043 
0.00214858 -0.00077043 0.0270179 
0.012347 -0.00104242 0.00266202 
-0.00104242 0.0826394 -0.00152722 
0.00266202 -0.00152722 0.0285341 
0.0125755 -0.000489027 0.00319784 
-0.000489023 0.0919102 -0.00225621 
0.00319784 -0.00225621 0.0303275 
0.012961 -6.99495e-06 0.00374099 
-6.99111e-06 0.101451 -0.00295399 
0.00374099 -0.00295399 0.0323322 
0.0134642 0.000408874 0.00427544 
0.000408878 0.111009 -0.00361975 
0.00427544 -0.00361975 0.0344734 
0.0140427 0.000765348 0.00478501 
0.000765352 0.120325 -0.00425637 
0.00478501 -0.00425637 0.0366734 
0.0146542 0.00107039 0.00525405 
0.00107039 0.129154 -0.00487159 
0.00525405 -0.00487159 0.0388591 
0.0152592 0.00133288 0.00566804 
0.00133289 0.137275 -0.00547914 
0.00566804 -0.00547914 0.0409677 
0.0158233 0.00156245 0.00601388 
0.00156246 0.144512 -0.00609985 
0.00601388 -0.00609985 0.0429529 
0.0163183 0.0017694 0.00628006 
0.0017694 0.15074 -0.00676234 
0.00628006 -0.00676234 0.0447885 
0.0167236 0.00196463 0.00645672 
0.00196463 0.15589 -0.00750329 
0.00645672 -0.00750329 0.0464705 
0.0170259 0.0021596 0.00653559 
0.0021596 0.159952 -0.00836698 
0.00653559 -0.00836698 0.0480175 
0.0172192 0.00236614 0.00651001 
0.00236615 0.162971 -0.00940387 
0.00651001 -0.00940387 0.0494689 
0.0173038 0.00259618 0.00637496 
0.00259618 0.16504 -0.0106683 
0.00637496 -0.0106683 0.0508814 
0.0172857 0.00286129 0.00612722 
0.00286129 0.166293 -0.0122153 
0.00612722 -0.0122153 0.052324 
0.0171752 0.0031721 0.00576563 
0.0031721 0.166889 -0.0140962 
0.00576563 -0.0140962 0.0538718 
0.0169857 0.00353765 0.00529132 
0.00353766 0.167006 -0.0163546 
0.00529132 -0.0163546 0.0555989 
0.0167327 0.00396471 0.00470809 
0.00396472 0.166822 -0.0190217 
0.00470809 -0.0190217 0.0575717 
0.0164323 0.00445715 0.00402258 
0.00445716 0.166505 -0.022112 
0.00402258 -0.022112 0.0598423 
0.0161003 0.0050155 0.00324438 
0.0050155 0.166206 -0.0256213 
0.00324438 -0.0256213 0.0624438 
0.0157518 0.00563668 0.00238603 
0.00563668 0.166046 -0.029524 
0.00238603 -0.029524 0.0653863 
0.0153997 0.00631403 0.00146272 
0.00631404 0.166111 -0.0337742 
0.00146272 -0.0337742 0.0686562 
0.0150553 0.00703758 0.000491901 
0.00703758 0.166457 -0.0383063 
0.000491901 -0.0383063 0.0722161 
0.0147273 0.00779448 -0.000507252 
0.00779448 0.167102 -0.0430385 
-0.000507252 -0.0430385 0.0760078 
0.0144224 0.00856968 -0.0015145 
0.00856968 0.168035 -0.0478761 
-0.0015145 -0.0478761 0.0799554 
0.0141449 0.00934663 -0.0025092 
0.00934663 0.169219 -0.0527162 
-0.0025092 -0.0527162 0.08397 
0.0138976 0.0101081 -0.00347098 
0.0101081 0.170597 -0.0574522 
-0.00347098 -0.0574522 0.0879552 
0.0136817 0.0108367 -0.0043803 
0.0108367 0.172099 -0.0619778 
-0.0043803 -0.0619778 0.0918112 
0.0134972 0.0115159 -0.00521898 
0.0115159 0.173647 -0.0661912 
-0.00521898 -0.0661912 0.0954399 
0.0133433 0.0121302 -0.00597058 
0.0121302 0.175163 -0.0699983 
-0.00597058 -0.0699983 0.0987488 
0.0132189 0.0126659 -0.00662069 
0.0126659 0.17657 -0.0733147 
-0.00662069 -0.0733147 0.101654 
0.0131224 0.013111 -0.00715715 
0.013111 0.177802 -0.0760684 
-0.00715715 -0.0760684 0.104082 
0.0130527 0.0134559 -0.00757013 
0.0134559 0.1788 -0.0782004 
-0.00757013 -0.0782004 0.105974 
0.0130085 0.0136932 -0.00785222 
0.0136932 0.179521 -0.0796662 
-0.00785222 -0.0796662 0.107283 
0.0129892 0.013818 -0.00799845 
0.013818 0.179934 -0.0804358 
-0.00799845 -0.0804358 0.107979 
0.0129944 0.0138278 -0.00800628 
0.0138278 0.180027 -0.0804942 
-0.00800628 -0.0804942 0.108048 
0.0130245 0.0137227 -0.00787559 
0.0137227 0.179801 -0.0798415 
-0.00787559 -0.0798415 0.107489 
0.0130802 0.0135052 -0.00760869 
0.0135052 0.179275 -0.078493 
-0.00760869 -0.078493 0.10632 
0.013163 0.0131802 -0.00721027 
0.0131802 0.178486 -0.0764787 
-0.00721027 -0.0764787 0.104573 
0.0132746 0.0127552 -0.00668739 
0.0127552 0.177484 -0.0738432 
-0.00668739 -0.0738432 0.102294 
0.0134172 0.0122398 -0.00604938 
0.0122398 0.176333 -0.0706451 
-0.00604938 -0.0706451 0.0995453 
0.0135933 0.011646 -0.00530782 
0.011646 0.175111 -0.0669561 
-0.00530782 -0.0669561 0.0964021 
0.0138054 0.0109873 -0.0044763 
0.0109873 0.173904 -0.0628595 
-0.0044763 -0.0628595 0.0929504 
