3,3,183
0.676494 -0.796008 -0.187749 
-0.796008 2.07779 0.317175 
-0.187749 0.317175 0.373123 
0.6811 -0.801459 -0.189031 
-0.801459 2.09202 0.319352 
-0.189031 0.319352 0.375653 
0.682894 -0.803582 -0.18953 
-0.803582 2.09756 0.3202 
-0.18953 0.3202 0.376637 
0.682084 -0.802629 -0.189305 
-0.802629 2.09507 0.31982 
-0.189305 0.31982 0.37619 
0.6783 -0.798162 -0.188253 
-0.798162 2.08341 0.318038 
-0.188253 0.318038 0.374107 
0.670422 -0.788855 -0.186063 
-0.788855 2.05911 0.314324 
-0.186063 0.314324 0.36977 
0.656172 -0.771998 -0.182096 
-0.771998 2.01507 0.307596 
-0.182096 0.307596 0.361921 
0.631401 -0.742622 -0.175189 
-0.742622 1.93824 0.295861 
-0.175189 0.295861 0.348258 
0.589326 -0.692443 -0.163408 
-0.692443 1.80675 0.275785 
-0.163408 0.275785 0.324973 
0.521112 -0.610068 -0.144132 
-0.610068 1.58984 0.242712 
-0.144132 0.242712 0.286912 
0.422117 -0.487053 -0.115547 
-0.487053 1.26235 0.192937 
-0.115547 0.192937 0.230567 
0.308133 -0.335212 -0.080831 
-0.335212 0.847766 0.130407 
-0.080831 0.130407 0.16231 
0.224679 -0.199863 -0.0511172 
-0.199863 0.45506 0.07226 
-0.0511172 0.07226 0.104135 
0.20869 -0.126367 -0.0369505 
-0.126367 0.204115 0.0368046 
-0.0369505 0.0368046 0.0766442 
0.24207 -0.110336 -0.0363161 
-0.110336 0.101744 0.0241991 
-0.0363161 0.0241991 0.0756284 
0.282557 -0.117613 -0.0403033 
-0.117613 0.0762395 0.0225716 
-0.0403033 0.0225716 0.083542 
0.308549 -0.125981 -0.0435292 
-0.125981 0.0736208 0.0234128 
-0.0435292 0.0234128 0.0899669 
0.317998 -0.129272 -0.0447779 
-0.129272 0.0739982 0.0238333 
-0.0447779 0.0238333 0.0926839 
0.314372 -0.127416 -0.0442833 
-0.127416 0.0728348 0.0233316 
-0.0442833 0.0233316 0.0922875 
0.300593 -0.121234 -0.0424044 
-0.121234 0.0696205 0.021935 
-0.0424044 0.021935 0.0896192 
0.27839 -0.111293 -0.0393809 
-0.111293 0.0645269 0.0196947 
-0.0393809 0.0196947 0.0853342 
0.249142 -0.0980304 -0.0354175 
-0.0980304 0.0578384 0.0166379 
-0.0354175 0.0166379 0.080095 
0.214905 -0.0821357 -0.0308184 
-0.0821357 0.0500318 0.0128269 
-0.0308184 0.0128269 0.0748397 
0.179193 -0.0648936 -0.0260932 
-0.0648936 0.0419272 0.00843488 
-0.0260932 0.00843488 0.0709281 
0.14699 -0.0482669 -0.0219489 
-0.0482669 0.0346813 0.00379553 
-0.0219489 0.00379553 0.0699571 
0.123371 -0.034447 -0.0190828 
-0.034447 0.0294593 -0.000629313 
-0.0190828 -0.000629312 0.0730891 
0.111026 -0.0249228 -0.0178279 
-0.0249228 0.0268601 -0.00438966 
-0.0178279 -0.00438966 0.0801657 
0.10866 -0.0197428 -0.0179361 
-0.0197428 0.0265496 -0.00722075 
-0.0179361 -0.00722074 0.0894415 
0.112056 -0.0177109 -0.0187556 
-0.0177109 0.0275211 -0.0091126 
-0.0187556 -0.0091126 0.0984584 
0.116858 -0.0173066 -0.0196454 
-0.0173066 0.028752 -0.0102345 
-0.0196454 -0.0102345 0.105357 
0.120477 -0.0174332 -0.0202454 
-0.0174332 0.0296455 -0.0108083 
-0.0202454 -0.0108083 0.109488 
0.12215 -0.0175674 -0.0204704 
-0.0175674 0.0300371 -0.0110253 
-0.0204704 -0.0110253 0.111134 
0.122104 -0.0175583 -0.0203766 
-0.0175583 0.0299924 -0.0110214 
-0.0203766 -0.0110214 0.110933 
0.120832 -0.0174105 -0.0200507 
-0.0174105 0.0296353 -0.0108825 
-0.0200507 -0.0108825 0.109483 
0.118756 -0.017165 -0.0195613 
-0.017165 0.029069 -0.0106588 
-0.0195613 -0.0106588 0.107207 
0.116153 -0.0168585 -0.0189497 
-0.0168585 0.0283598 -0.0103775 
-0.0189497 -0.0103775 0.104355 
0.113188 -0.0165156 -0.0182357 
-0.0165156 0.0275451 -0.0100521 
-0.0182357 -0.0100521 0.101059 
0.109957 -0.016153 -0.0174262 
-0.016153 0.0266449 -0.0096889 
-0.0174262 -0.0096889 0.0973826 
0.106527 -0.015784 -0.0165212 
-0.015784 0.0256711 -0.00929104 
-0.0165212 -0.00929104 0.093356 
0.102958 -0.0154214 -0.0155181 
-0.0154214 0.0246337 -0.00886046 
-0.0155181 -0.00886046 0.0890012 
0.0993196 -0.0150793 -0.0144144 
-0.0150793 0.023544 -0.00839943 
-0.0144144 -0.00839943 0.0843435 
0.0956954 -0.0147743 -0.0132087 
-0.0147743 0.0224167 -0.00791122 
-0.0132087 -0.00791122 0.0794195 
0.0921884 -0.0145255 -0.0119022 
-0.0145255 0.0212706 -0.00740053 
-0.0119022 -0.00740053 0.0742818 
0.0889194 -0.0143538 -0.0104996 
-0.0143538 0.0201292 -0.00687366 
-0.0104996 -0.00687366 0.069001 
0.0860228 -0.0142809 -0.00900972 
-0.0142809 0.0190202 -0.00633853 
-0.00900972 -0.00633853 0.0636663 
0.0836397 -0.0143275 -0.00744577 
-0.0143275 0.0179742 -0.00580444 
-0.00744577 -0.00580444 0.058383 
0.0819068 -0.0145112 -0.00582587 
-0.0145112 0.0170227 -0.00528164 
-0.00582587 -0.00528164 0.0532686 
0.0809434 -0.014844 -0.00417256 
-0.014844 0.0161962 -0.00478065 
-0.00417256 -0.00478065 0.0484453 
0.0808367 -0.0153294 -0.00251213 
-0.0153294 0.0155204 -0.00431147 
-0.00251213 -0.00431147 0.0440315 
0.0816287 -0.0159612 -0.00087338 
-0.0159612 0.0150145 -0.00388269 
-0.00087338 -0.00388269 0.0401318 
0.0833063 -0.0167215 0.00071398 
-0.0167215 0.0146875 -0.00350068 
0.00071398 -0.00350068 0.0368277 
0.0857971 -0.0175815 0.00222121 
-0.0175815 0.0145379 -0.00316901 
0.00222121 -0.00316901 0.0341701 
0.0889735 -0.0185033 0.00362242 
-0.0185033 0.0145528 -0.00288818 
0.00362242 -0.00288818 0.0321753 
0.0926624 -0.0194425 0.00489614 
-0.0194425 0.0147097 -0.00265572 
0.00489614 -0.00265572 0.0308248 
0.0966623 -0.0203525 0.00602655 
-0.0203525 0.0149786 -0.00246669 
0.00602655 -0.00246669 0.0300695 
0.100762 -0.0211883 0.007004 
-0.0211883 0.0153254 -0.00231437 
0.007004 -0.00231437 0.0298369 
0.10476 -0.0219104 0.00782495 
-0.0219104 0.0157152 -0.0021911 
0.00782495 -0.0021911 0.03004 
0.108479 -0.0224875 0.00849151 
-0.0224875 0.0161156 -0.00208913 
0.00849151 -0.00208914 0.0305866 
0.111778 -0.0228978 0.00901036 
-0.0228978 0.0164988 -0.00200125 
0.00901036 -0.00200125 0.0313869 
0.114558 -0.0231297 0.00939173 
-0.0231297 0.016843 -0.00192124 
0.00939173 -0.00192124 0.0323597 
0.116759 -0.0231806 0.00964816 
-0.0231806 0.0171326 -0.00184416 
0.00964816 -0.00184416 0.0334361 
0.11836 -0.0230557 0.00979343 
-0.0230557 0.0173586 -0.00176635 
0.00979343 -0.00176635 0.0345607 
0.119367 -0.0227664 0.00984169 
-0.0227664 0.0175168 -0.00168538 
0.00984169 -0.00168538 0.0356912 
0.119811 -0.0223277 0.0098067 
-0.0223277 0.0176077 -0.00159983 
0.0098067 -0.00159983 0.0367975 
0.119737 -0.0217575 0.0097014 
-0.0217575 0.0176344 -0.00150911 
0.0097014 -0.00150911 0.0378587 
0.119199 -0.0210742 0.00953757 
-0.0210742 0.0176026 -0.00141325 
0.00953757 -0.00141325 0.0388615 
0.118253 -0.0202964 0.00932569 
-0.0202964 0.0175186 -0.0013127 
0.00932569 -0.0013127 0.0397979 
0.116954 -0.0194417 0.00907487 
-0.0194417 0.0173895 -0.00120816 
0.00907487 -0.00120816 0.0406627 
0.115354 -0.0185266 0.00879287 
-0.0185266 0.017222 -0.0011005 
0.00879287 -0.0011005 0.0414522 
0.113495 -0.0175656 0.00848621 
-0.0175656 0.0170226 -0.000990662 
0.00848621 -0.000990662 0.042163 
0.111417 -0.0165721 0.00816022 
-0.0165721 0.0167971 -0.000879597 
0.00816022 -0.000879597 0.0427904 
0.109146 -0.0155577 0.00781915 
-0.0155577 0.0165506 -0.000768255 
0.00781915 -0.000768255 0.0433278 
0.106704 -0.0145325 0.00746631 
-0.0145325 0.0162874 -0.000657564 
0.00746631 -0.000657564 0.0437664 
0.104104 -0.0135057 0.00710413 
-0.0135057 0.0160112 -0.000548442 
0.00710413 -0.000548442 0.0440941 
0.101349 -0.0124855 0.00673427 
-0.0124855 0.0157252 -0.000441818 
0.00673427 -0.000441818 0.0442958 
0.0984408 -0.0114795 0.00635772 
-0.0114795 0.0154324 -0.000338675 
0.00635772 -0.000338675 0.0443531 
0.0953739 -0.0104955 0.00597489 
-0.0104955 0.0151361 -0.000240115 
0.00597489 -0.000240116 0.0442451 
0.0921442 -0.00954173 0.00558569 
-0.00954173 0.01484 -0.000147457 
0.00558569 -0.000147458 0.0439499 
0.0887526 -0.00862765 0.00518963 
-0.00862765 0.0145492 -6.23772e-05 
0.00518963 -6.23773e-05 0.0434459 
0.0852121 -0.00776495 0.00478583 
-0.00776495 0.0142713 1.29031e-05 
0.00478583 1.29029e-05 0.0427163 
0.0815572 -0.00696842 0.00437311 
-0.00696842 0.014017 7.53723e-05 
0.00437311 7.53721e-05 0.0417527 
0.0778543 -0.00625693 0.00394996 
-0.00625693 0.0138012 0.000120975 
0.00394996 0.000120975 0.0405614 
0.074211 -0.00565404 0.00351446 
-0.00565404 0.0136444 0.000144402 
0.00351446 0.000144402 0.0391691 
0.0707821 -0.00518782 0.00306436 
-0.00518782 0.013572 0.00013905 
0.00306436 0.00013905 0.0376273 
0.0677671 -0.00488949 0.00259713 
-0.00488949 0.0136144 9.72996e-05 
0.00259713 9.72995e-05 0.0360138 
0.0653964 -0.00479039 0.00211037 
-0.00479039 0.0138034 1.12571e-05 
0.00211037 1.1257e-05 0.0344297 
0.0639045 -0.00491729 0.00160247 
-0.00491729 0.0141696 -0.000125995 
0.00160247 -0.000125996 0.0329887 
0.0634929 -0.00528674 0.00107353 
-0.00528674 0.0147364 -0.000318775 
0.00107353 -0.000318775 0.031803 
0.0642908 -0.00589945 0.000526444 
-0.00589945 0.015516 -0.000567126 
0.000526444 -0.000567126 0.0309655 
0.0663231 -0.00673659 -3.23026e-05 
-0.00673659 0.0165057 -0.000865563 
-3.23025e-05 -0.000865563 0.0305341 
0.0694961 -0.00775894 -0.000592305 
-0.00775894 0.0176874 -0.00120265 
-0.000592305 -0.00120265 0.0305226 
0.0736042 -0.00890964 -0.00113967 
-0.00890964 0.0190297 -0.0015616 
-0.00113967 -0.0015616 0.0308991 
0.0783573 -0.0101199 -0.00165811 
-0.0101199 0.0204928 -0.00192182 
-0.00165811 -0.00192182 0.0315938 
0.0834201 -0.0113165 -0.00213053 
-0.0113165 0.0220344 -0.00226101 
-0.00213053 -0.00226101 0.0325122 
0.0884554 -0.012429 -0.00254069 
-0.012429 0.0236159 -0.00255742 
-0.00254069 -0.00255742 0.0335505 
0.093163 -0.0133968 -0.00287479 
-0.0133968 0.0252078 -0.00279182 
-0.00287479 -0.00279182 0.0346107 
0.0973087 -0.0141735 -0.00312261 
-0.0141735 0.026793 -0.00294898 
-0.00312261 -0.00294898 0.0356122 
0.100743 -0.0147297 -0.00327824 
-0.0147297 0.0283691 -0.00301865 
-0.00327824 -0.00301865 0.0364991 
0.103408 -0.0150541 -0.00334054 
-0.0150541 0.0299482 -0.00299599 
-0.00334054 -0.00299599 0.037245 
0.105338 -0.0151534 -0.00331308 
-0.0151534 0.0315557 -0.00288164 
-0.00331308 -0.00288164 0.0378526 
0.106651 -0.0150506 -0.00320395 
-0.0150506 0.033228 -0.00268148 
-0.00320395 -0.00268148 0.0383518 
0.107531 -0.0147827 -0.00302527 
-0.0147827 0.0350079 -0.0024061 
-0.00302527 -0.0024061 0.0387952 
0.108216 -0.0143978 -0.00279243 
-0.0143978 0.0369403 -0.00207007 
-0.00279243 -0.00207007 0.039251 
0.108963 -0.0139504 -0.00252306 
-0.0139504 0.0390654 -0.00169091 
-0.00252306 -0.00169091 0.0397947 
0.110026 -0.0134964 -0.00223577 
-0.0134964 0.0414125 -0.00128776 
-0.00223577 -0.00128776 0.0404988 
0.11162 -0.0130879 -0.0019486 
-0.0130879 0.0439929 -0.000879869 
-0.0019486 -0.000879869 0.0414225 
0.113894 -0.0127674 -0.00167753 
-0.0127674 0.0467953 -0.000485002 
-0.00167753 -0.000485002 0.0426021 
0.116911 -0.012564 -0.00143515 
-0.012564 0.0497827 -0.000117995 
-0.00143515 -0.000117995 0.0440446 
0.120637 -0.0124901 -0.00122972 
-0.0124901 0.0528943 0.000210334 
-0.00122972 0.000210333 0.0457248 
0.124945 -0.0125422 -0.00106488 
-0.0125422 0.0560497 0.00049369 
-0.00106488 0.00049369 0.0475883 
0.129644 -0.0127028 -0.000940024 
-0.0127028 0.0591581 0.000730161 
-0.000940024 0.000730161 0.0495594 
0.1345 -0.0129448 -0.000851212 
-0.0129448 0.0621279 0.00092151 
-0.000851211 0.00092151 0.0515511 
0.139276 -0.0132367 -0.000792397 
-0.0132367 0.0648772 0.0010721 
-0.000792396 0.0010721 0.0534776 
0.143759 -0.0135478 -0.000756672 
-0.0135478 0.0673403 0.00118775 
-0.000756671 0.00118775 0.0552636 
0.147781 -0.0138511 -0.000737296 
-0.0138511 0.0694726 0.00127465 
-0.000737296 0.00127465 0.0568511 
0.151227 -0.0141259 -0.00072837 
-0.0141259 0.0712509 0.00133869 
-0.000728369 0.00133869 0.0582016 
0.154031 -0.0143579 -0.000725125 
-0.0143579 0.07267 0.00138498 
-0.000725124 0.00138498 0.0592954 
0.156174 -0.014539 -0.000723922 
-0.014539 0.0737393 0.00141773 
-0.000723921 0.00141773 0.060128 
0.157665 -0.0146652 -0.000722047 
-0.0146652 0.0744767 0.00144028 
-0.000722047 0.00144028 0.0607056 
0.158531 -0.0147357 -0.00071741 
-0.0147357 0.0749048 0.00145529 
-0.000717409 0.00145529 0.0610407 
0.158809 -0.0147513 -0.000708217 
-0.0147513 0.0750464 0.00146491 
-0.000708216 0.00146491 0.0611482 
0.158537 -0.014713 -0.000692677 
-0.014713 0.0749229 0.00147103 
-0.000692676 0.00147103 0.0610431 
0.157747 -0.0146218 -0.000668729 
-0.0146218 0.0745523 0.00147547 
-0.000668729 0.00147547 0.0607388 
0.15647 -0.014478 -0.000633826 
-0.014478 0.0739494 0.00148012 
-0.000633825 0.00148012 0.0602467 
0.15473 -0.0142808 -0.000584746 
-0.0142808 0.0731268 0.00148717 
-0.000584745 0.00148717 0.0595764 
0.152549 -0.0140289 -0.000517458 
-0.0140289 0.0720952 0.00149916 
-0.000517457 0.00149916 0.0587365 
0.149951 -0.0137198 -0.000427035 
-0.0137198 0.0708656 0.00151912 
-0.000427035 0.00151912 0.057736 
0.146963 -0.0133511 -0.000307639 
-0.0133511 0.0694504 0.00155064 
-0.000307638 0.00155064 0.056585 
0.143615 -0.0129198 -0.000152589 
-0.0129198 0.0678647 0.00159781 
-0.000152588 0.00159781 0.0552959 
0.13995 -0.0124233 4.54546e-05 
-0.0124233 0.0661274 0.0016652 
4.54553e-05 0.0016652 0.0538841 
0.136015 -0.0118591 0.00029419 
-0.0118591 0.0642614 0.00175768 
0.00029419 0.00175768 0.0523686 
0.131868 -0.0112261 0.000601246 
-0.0112261 0.062294 0.00188018 
0.000601246 0.00188018 0.0507716 
0.127575 -0.0105238 0.000973644 
-0.0105238 0.0602557 0.00203736 
0.000973644 0.00203736 0.0491181 
0.123205 -0.00975354 0.00141717 
-0.00975354 0.0581788 0.00223327 
0.00141717 0.00223327 0.0474347 
0.118826 -0.00891806 0.00193571 
-0.00891806 0.0560961 0.00247087 
0.00193571 0.00247087 0.0457479 
0.114504 -0.00802204 0.00253056 
-0.00802204 0.0540381 0.00275164 
0.00253056 0.00275164 0.0440829 
0.110294 -0.00707202 0.00319979 
-0.00707202 0.0520311 0.00307515 
0.00319979 0.00307515 0.0424607 
0.106236 -0.00607649 0.00393761 
-0.00607649 0.0500945 0.00343864 
0.00393761 0.00343864 0.0408971 
0.102352 -0.00504593 0.00473388 
-0.00504593 0.0482391 0.00383665 
0.00473388 0.00383665 0.0394003 
0.0986402 -0.00399277 0.00557351 
-0.00399277 0.0464653 0.00426067 
0.00557351 0.00426067 0.0379695 
0.095073 -0.00293131 0.00643606 
-0.00293131 0.0447624 0.0046988 
0.00643606 0.0046988 0.0365943 
0.0915969 -0.00187761 0.00729536 
-0.00187761 0.0431091 0.0051354 
0.00729536 0.0051354 0.0352535 
0.0881337 -0.000848943 0.00811948 
-0.000848943 0.0414761 0.00555097 
0.00811948 0.00555097 0.0339168 
0.0845872 0.000137334 0.00887122 
0.000137334 0.0398315 0.00592218 
0.00887122 0.00592218 0.032546 
0.0808548 0.00106599 0.00950995 
0.00106599 0.0381497 0.00622257 
0.00950995 0.00622257 0.0311001 
0.0768467 0.00192753 0.0099949 
0.00192753 0.0364261 0.00642403 
0.0099949 0.00642403 0.0295415 
0.0725118 0.00272329 0.0102907 
0.00272329 0.034694 0.00649952 
0.0102907 0.00649952 0.0278463 
0.0678671 0.00347105 0.0103747 
0.00347105 0.0330427 0.00642701 
0.0103747 0.00642701 0.0260146 
0.0630219 0.00420928 0.0102445 
0.00420928 0.0316286 0.00619411 
0.0102445 0.00619411 0.0240801 
0.0581865 0.00499706 0.00992401 
0.00499706 0.0306698 0.00580227 
0.00992401 0.00580227 0.0221144 
0.0536528 0.00590709 0.00946317 
0.00590709 0.030419 0.00526901 
0.00946317 0.00526901 0.0202205 
0.0497458 0.00701157 0.00893167 
0.00701157 0.0311139 0.00462675 
0.00893167 0.00462675 0.0185167 
0.046756 0.00836425 0.00840587 
0.00836425 0.0329189 0.00391796 
0.00840587 0.00391796 0.0171124 
0.0448756 0.00998523 0.0079537 
0.00998523 0.0358789 0.00318798 
0.0079537 0.00318798 0.0160848 
0.0441613 0.0118544 0.00762254 
0.0118544 0.0399033 0.00247768 
0.00762254 0.00247768 0.0154651 
0.0445344 0.0139158 0.00743387 
0.0139158 0.0447849 0.00181825 
0.00743387 0.00181825 0.0152363 
0.0458139 0.0160909 0.00738519 
0.0160909 0.0502453 0.0012291 
0.00738519 0.0012291 0.0153441 
0.0477646 0.018294 0.0074567 
0.018294 0.0559874 0.000718621 
0.0074567 0.000718621 0.0157126 
0.0501427 0.0204463 0.00761963 
0.0204463 0.0617389 0.000286684 
0.00761963 0.000286684 0.0162606 
0.0527293 0.0224841 0.00784327 
0.0224841 0.0672789 -7.23343e-05 
0.00784327 -7.23343e-05 0.0169132 
0.0553462 0.0243616 0.00809952 
0.0243616 0.0724458 -0.00036688 
0.00809952 -0.00036688 0.0176082 
0.0578572 0.0260485 0.00836478 
0.0260485 0.0771296 -0.000606204 
0.00836478 -0.000606204 0.0182966 
0.0601557 0.0275231 0.00861937 
0.0275231 0.0812509 -0.000798985 
0.00861937 -0.000798985 0.01894 
0.0621384 0.0287596 0.00884441 
0.0287596 0.0847221 -0.000952294 
0.00884441 -0.000952294 0.0195015 
0.0636568 0.0297059 0.00901566 
0.0297059 0.0873824 -0.00107035 
0.00901566 -0.00107035 0.0199316 
0.0644406 0.0302484 0.0090941 
0.0302484 0.0888928 -0.00115201 
0.0090941 -0.00115201 0.020144 
0.0640018 0.0301695 0.00901895 
0.0301695 0.0886145 -0.00118398 
0.00901895 -0.00118398 0.0199876 
0.0616159 0.0291495 0.00872857 
0.0291495 0.0856196 -0.00112216 
0.00872857 -0.00112216 0.0192482 
0.05665 0.0269513 0.00827118 
0.0269513 0.0792529 -0.000847877 
0.00827118 -0.000847877 0.0177696 
0.0495264 0.0239249 0.00804266 
0.0239249 0.0706404 -0.00010727 
0.00804266 -0.00010727 0.0157858 
0.0427029 0.0214708 0.00891341 
0.0214708 0.0640479 0.0014603 
0.00891341 0.0014603 0.0142221 
0.0396897 0.0214155 0.0117216 
0.0214155 0.0649344 0.0040531 
0.0117216 0.0040531 0.0142769 
0.0420577 0.024381 0.0163765 
0.024381 0.0750238 0.00739436 
0.0163765 0.00739437 0.016343 
0.0482758 0.0292842 0.0218216 
0.0292842 0.0908722 0.0108545 
0.0218216 0.0108545 0.0196852 
0.0556713 0.03453 0.026921 
0.03453 0.107561 0.0138905 
0.026921 0.0138905 0.0232371 
0.0623799 0.0390859 0.0310712 
0.0390859 0.121954 0.0162718 
0.0310712 0.0162718 0.0263132 
0.0676777 0.0426054 0.0341661 
0.0426054 0.133033 0.0180096 
0.0341661 0.0180096 0.0286865 
0.0715175 0.0451247 0.0363376 
0.0451247 0.14095 0.0192132 
0.0363376 0.0192132 0.0303849 
0.0740937 0.0468015 0.0377674 
0.0468015 0.146216 0.0199999 
0.0377674 0.0199999 0.0315165 
0.0756171 0.0477859 0.0386043 
0.0477859 0.149311 0.0204595 
0.0386043 0.0204595 0.0321838 
0.076229 0.048174 0.0389398 
0.048174 0.150544 0.0206455 
0.0389398 0.0206455 0.0324533 
0.0759745 0.0479928 0.0388028 
0.0479928 0.150007 0.0205759 
0.0388028 0.0205759 0.0323468 
0.0747896 0.047191 0.0381551 
0.047191 0.147552 0.0202317 
0.0381551 0.0202317 0.0318375 
