4  12
0.0437244  0.0400975  0.184611  0.0837168  0.0427763  0.0778541  0.0721304  0.172994  0.162412  0.0125786  0.0271917  0.0799122  
6.14217  0.170799  4.78188  -0.392369  
18.6385  -0.140551  -0.318771  0.113034  
45.3318  -0.0572282  -0.0135837  0.158399  
77.9935  -0.0179255  0.0996781  0.116738  
90.7029  0.654034  -0.0416744  -0.325788  
108.041  1.22387  -0.669731  -0.397506  
130.033  0.720846  -0.413845  0.0820249  
161.698  -0.161564  0.133144  0.0422895  
198.895  -0.730904  0.254392  0.100408  
179.726  -0.113763  -0.286655  -0.0551652  
216.735  -0.709282  0.0192125  0.0826823  
237.579  -0.514578  -0.0361888  0.0593232  
10.1211  -0.421252  -10.0307  0.97461  
-0.421252  0.0953104  0.433498  -0.0774728  
-10.0307  0.433498  10.3871  -1.0589  
0.97461  -0.0774728  -1.0589  0.364791  
13.3861  -0.183001  0.527137  -0.000482931  
-0.183001  0.0764869  -0.0352738  0.016513  
0.527137  -0.0352738  0.0725759  0.0278093  
-0.000482931  0.016513  0.0278093  0.0890582  
277.078  -1.00286  -0.0802996  -0.140114  
-1.00286  0.0761417  -0.0224908  -0.00545217  
-0.0802996  -0.0224908  0.0501927  0.0360124  
-0.140114  -0.00545217  0.0360124  0.0678002  
143.858  0.260166  0.123108  0.482825  
0.260166  0.048749  -0.0192114  0.00910523  
0.123108  -0.0192114  0.0779716  0.0357496  
0.482825  0.00910523  0.0357496  0.0681545  
211.227  0.293482  -1.31685  1.23103  
0.293482  0.376054  -0.423675  -0.0466891  
-1.31685  -0.423675  0.7613  0.150641  
1.23103  -0.0466891  0.150641  0.139739  
89.0536  4.02292  -3.37393  2.39558  
4.02292  0.87938  -0.365044  0.0382137  
-3.37393  -0.365044  1.01354  0.248769  
2.39558  0.0382137  0.248769  0.580179  
88.7989  -3.6175  0.179246  0.0296522  
-3.6175  0.403642  -0.128062  0.0344384  
0.179246  -0.128062  0.298858  0.0755609  
0.0296522  0.0344384  0.0755609  0.0856871  
512.671  -1.59266  2.59682  0.659161  
-1.59266  0.045738  -0.0351139  0.006731  
2.59682  -0.0351139  0.109913  0.0359066  
0.659161  0.006731  0.0359066  0.0437105  
466.487  0.829099  -2.19758  -0.178802  
0.829099  0.291008  -0.0602554  0.0510498  
-2.19758  -0.0602554  0.180742  0.0301777  
-0.178802  0.0510498  0.0301777  0.0742662  
568.912  -12.4165  -8.67153  -5.79186  
-12.4165  0.422699  0.337364  0.366503  
-8.67153  0.337364  0.328371  0.282464  
-5.79186  0.366503  0.282464  0.501297  
84.5226  1.35096  -2.15259  -3.68214  
1.35096  0.466918  -0.02696  -0.05262  
-2.15259  -0.02696  0.0777338  0.132729  
-3.68214  -0.05262  0.132729  0.276581  
56.5737  0.593598  0.2018  -0.00362425  
0.593598  0.294512  -0.00396409  -0.00588015  
0.2018  -0.00396409  0.122099  0.0525423  
-0.00362425  -0.00588015  0.0525423  0.0628161  
