3,3,249
0.0664106 0.0134314 -0.0313363 
0.0134314 0.378507 -0.0786334 
-0.0313363 -0.0786334 0.230188 
0.0690054 0.0140665 -0.032644 
0.0140665 0.394365 -0.0820646 
-0.032644 -0.0820646 0.239723 
0.0704627 0.0144098 -0.0333682 
0.0144098 0.403142 -0.083948 
-0.0333682 -0.0839481 0.245012 
0.0711301 0.0145644 -0.033698 
0.0145644 0.407137 -0.0848024 
-0.033698 -0.0848024 0.247422 
0.0711535 0.0145714 -0.0337107 
0.0145714 0.407292 -0.0848373 
-0.0337107 -0.0848374 0.247514 
0.0704957 0.0144241 -0.0333895 
0.0144241 0.403405 -0.0840122 
-0.0333895 -0.0840123 0.245164 
0.0688901 0.0140604 -0.0326021 
0.0140604 0.393877 -0.0819849 
-0.0326021 -0.0819849 0.239409 
0.0656979 0.013324 -0.0310248 
0.013324 0.374809 -0.0779131 
-0.0310248 -0.0779131 0.227905 
0.0597031 0.0118858 -0.028009 
0.0118858 0.338495 -0.0701023 
-0.028009 -0.0701023 0.206058 
0.0493788 0.00916337 -0.022557 
0.00916337 0.273754 -0.0559456 
-0.022557 -0.0559457 0.167396 
0.0355882 0.00449786 -0.014134 
0.00449786 0.17821 -0.0341604 
-0.014134 -0.0341604 0.111546 
0.026274 -0.00197646 -0.004645 
-0.00197646 0.0846886 -0.0103106 
-0.004645 -0.0103106 0.0605051 
0.028895 -0.00859994 0.00248089 
-0.00859994 0.0376772 0.00601548 
0.00248089 0.00601547 0.0413375 
0.0373975 -0.013536 0.00650726 
-0.013536 0.0291445 0.0136909 
0.00650726 0.0136909 0.0451157 
0.0441035 -0.0164315 0.00859199 
-0.0164315 0.0312416 0.0169376 
0.00859199 0.0169376 0.0522085 
0.0477401 -0.0178871 0.00962008 
-0.0178871 0.0334496 0.0183463 
0.00962008 0.0183463 0.0565798 
0.0492159 -0.0184669 0.0100271 
-0.0184669 0.0344473 0.0188848 
0.0100271 0.0188848 0.0584031 
0.049219 -0.0184625 0.0100004 
-0.0184625 0.034445 0.0188981 
0.0100004 0.0188981 0.0583804 
0.0480478 -0.0179876 0.00959554 
-0.0179876 0.0336204 0.0185141 
0.00959554 0.0185141 0.0568437 
0.0458369 -0.0170837 0.00879726 
-0.0170837 0.0320633 0.0178023 
0.00879726 0.0178023 0.0539128 
0.0427871 -0.015807 0.00755616 
-0.015807 0.0299118 0.0168755 
0.00755616 0.0168755 0.0497464 
0.0394408 -0.0143284 0.00583024 
-0.0143284 0.0275408 0.0160016 
0.00583024 0.0160016 0.0448532 
0.0369745 -0.0130451 0.00365158 
-0.0130451 0.0257681 0.0157138 
0.00365158 0.0157138 0.0404459 
0.0371573 -0.0125834 0.00120551 
-0.0125834 0.0258269 0.0167596 
0.00120551 0.0167596 0.0384691 
0.0413678 -0.0134748 -0.00116097 
-0.0134748 0.0286838 0.0196422 
-0.00116097 0.0196422 0.0406171 
0.0490165 -0.0156004 -0.00308889 
-0.0156004 0.0339396 0.023947 
-0.00308889 0.023947 0.0466135 
0.057484 -0.0181266 -0.00441285 
-0.0181266 0.0397806 0.0283944 
-0.00441285 0.0283944 0.0539677 
0.0642514 -0.0202038 -0.00519787 
-0.0202038 0.0444564 0.0318415 
-0.00519787 0.0318415 0.0600865 
0.0685029 -0.0215258 -0.0056119 
-0.0215258 0.0473962 0.033976 
-0.0056119 0.033976 0.0640005 
0.0707361 -0.0222243 -0.0058101 
-0.0222243 0.0489409 0.0350896 
-0.0058101 0.0350896 0.0660735 
0.0717568 -0.0225444 -0.00589673 
-0.0225444 0.049647 0.035597 
-0.00589673 0.035597 0.0670244 
0.0721667 -0.022673 -0.00593085 
-0.022673 0.0499306 0.0358005 
-0.00593085 0.0358005 0.0674069 
0.0723026 -0.0227157 -0.00594209 
-0.0227157 0.0500247 0.035868 
-0.00594209 0.035868 0.0675339 
0.0723235 -0.0227223 -0.00594381 
-0.0227223 0.0500392 0.0358784 
-0.00594381 0.0358784 0.0675534 
0.072295 -0.0227134 -0.00594146 
-0.0227134 0.0500195 0.0358642 
-0.00594146 0.0358642 0.0675268 
0.0722402 -0.0226962 -0.00593694 
-0.0226962 0.0499816 0.0358371 
-0.00593694 0.0358371 0.0674756 
0.0721648 -0.0226725 -0.00593072 
-0.0226725 0.0499295 0.0357997 
-0.00593072 0.0357997 0.0674052 
0.0720677 -0.022642 -0.00592271 
-0.022642 0.0498625 0.0357515 
-0.00592271 0.0357515 0.0673145 
0.0719446 -0.0226034 -0.00591254 
-0.0226034 0.0497776 0.0356905 
-0.00591254 0.0356905 0.0671997 
0.0717898 -0.0225548 -0.00589973 
-0.0225548 0.0496709 0.0356138 
-0.00589973 0.0356138 0.0670552 
0.0715959 -0.022494 -0.00588365 
-0.022494 0.0495373 0.0355177 
-0.00588365 0.0355177 0.0668743 
0.0713541 -0.0224182 -0.00586356 
-0.0224182 0.049371 0.035398 
-0.00586356 0.035398 0.0666487 
0.071054 -0.0223242 -0.00583854 
-0.0223242 0.049165 0.0352494 
-0.00583854 0.0352494 0.066369 
0.0706834 -0.0222082 -0.00580753 
-0.0222082 0.048911 0.0350661 
-0.00580753 0.0350661 0.0660236 
0.0702282 -0.0220659 -0.00576925 
-0.0220659 0.0485999 0.034841 
-0.00576925 0.034841 0.0655997 
0.0696722 -0.0218922 -0.00572223 
-0.0218922 0.048221 0.0345664 
-0.00572223 0.0345664 0.0650823 
0.0689974 -0.0216818 -0.00566475 
-0.0216818 0.047763 0.0342335 
-0.00566475 0.0342335 0.0644551 
0.0681841 -0.0214286 -0.00559487 
-0.0214286 0.0472137 0.0338329 
-0.00559487 0.0338329 0.0637001 
0.0672115 -0.0211265 -0.00551039 
-0.0211265 0.0465608 0.0333546 
-0.00551039 0.0333546 0.0627985 
0.0660582 -0.0207693 -0.0054089 
-0.0207693 0.0457923 0.0327886 
-0.0054089 0.0327886 0.0617313 
0.0647036 -0.0203512 -0.00528778 
-0.0203512 0.0448981 0.0321256 
-0.00528778 0.0321256 0.0604808 
0.0631294 -0.0198676 -0.00514433 
-0.0198676 0.043871 0.0313576 
-0.00514433 0.0313576 0.0590316 
0.0613216 -0.0193152 -0.00497577 
-0.0193152 0.0427087 0.0304791 
-0.00497577 0.0304791 0.0573729 
0.0592731 -0.0186938 -0.00477948 
-0.0186938 0.0414153 0.0294885 
-0.00477948 0.0294885 0.0555011 
0.056986 -0.0180061 -0.00455309 
-0.0180061 0.0400044 0.0283891 
-0.00455309 0.0283891 0.0534219 
0.0544746 -0.0172597 -0.00429477 
-0.0172597 0.0384999 0.0271908 
-0.00429477 0.0271908 0.0511526 
0.0517674 -0.0164669 -0.00400341 
-0.0164669 0.0369384 0.0259108 
-0.00400341 0.0259108 0.0487246 
0.0489081 -0.0156457 -0.00367891 
-0.0156457 0.0353687 0.0245742 
-0.00367891 0.0245742 0.0461835 
0.0459562 -0.0148195 -0.00332242 
-0.0148195 0.0338518 0.0232138 
-0.00332242 0.0232138 0.0435893 
0.0429841 -0.0140163 -0.00293647 
-0.0140163 0.0324575 0.0218686 
-0.00293647 0.0218686 0.0410132 
0.0400738 -0.0132673 -0.00252515 
-0.0132673 0.0312602 0.0205815 
-0.00252515 0.0205815 0.0385337 
0.0373108 -0.0126048 -0.002094 
-0.0126048 0.0303337 0.0193962 
-0.002094 0.0193962 0.0362304 
0.0347777 -0.0120601 -0.00164993 
-0.0120601 0.0297438 0.0183534 
-0.00164993 0.0183534 0.034177 
0.0325471 -0.0116605 -0.00120089 
-0.0116605 0.0295433 0.0174871 
-0.00120089 0.0174871 0.0324345 
0.0306758 -0.0114277 -0.000755496 
-0.0114277 0.0297663 0.0168213 
-0.000755496 0.0168213 0.0310459 
0.0292004 -0.0113764 -0.000322581 
-0.0113764 0.0304265 0.0163689 
-0.000322581 0.0163689 0.030032 
0.0281364 -0.011514 8.92503e-05 
-0.011514 0.0315167 0.0161303 
8.92503e-05 0.0161303 0.0293915 
0.0274788 -0.0118406 0.000472027 
-0.0118406 0.0330117 0.0160951 
0.000472027 0.0160951 0.0291019 
0.0272055 -0.0123512 0.00081871 
-0.0123512 0.0348724 0.016244 
0.00081871 0.016244 0.0291243 
0.0272819 -0.0130365 0.00112337 
-0.0130365 0.0370518 0.0165513 
0.00112337 0.0165513 0.0294078 
0.0276659 -0.0138859 0.00138127 
-0.0138859 0.0395002 0.0169883 
0.00138127 0.0169883 0.0298955 
0.0283128 -0.0148886 0.00158874 
-0.0148886 0.0421708 0.0175258 
0.00158874 0.0175258 0.0305293 
0.0291794 -0.0160353 0.00174315 
-0.0160353 0.0450227 0.0181363 
0.00174315 0.0181363 0.0312539 
0.030227 -0.0173197 0.00184263 
-0.0173197 0.0480243 0.0187957 
0.00184263 0.0187957 0.0320199 
0.0314233 -0.0187384 0.00188588 
-0.0187384 0.051154 0.0194838 
0.00188588 0.0194838 0.032785 
0.0327428 -0.0202917 0.001872 
-0.0202917 0.0544001 0.0201851 
0.001872 0.0201851 0.0335145 
0.0341675 -0.0219827 0.00180029 
-0.0219827 0.0577601 0.020888 
0.00180029 0.020888 0.0341817 
0.0356854 -0.0238168 0.0016701 
-0.0238168 0.0612386 0.0215847 
0.0016701 0.0215847 0.0347663 
0.0372902 -0.0258007 0.00148078 
-0.0258007 0.0648456 0.0222709 
0.00148078 0.0222709 0.0352545 
0.0389804 -0.0279408 0.00123159 
-0.0279408 0.0685939 0.0229446 
0.00123159 0.0229446 0.0356377 
0.0407584 -0.0302409 0.00092172 
-0.0302409 0.0724969 0.0236065 
0.00092172 0.0236065 0.0359132 
0.0426312 -0.032701 0.00055025 
-0.032701 0.0765678 0.0242599 
0.00055025 0.0242599 0.0360848 
0.0446128 -0.0353143 0.00011611 
-0.0353143 0.0808193 0.0249126 
0.00011611 0.0249126 0.0361666 
0.0467286 -0.0380658 -0.000382136 
-0.0380658 0.0852677 0.0255789 
-0.000382136 0.0255789 0.0361879 
0.049024 -0.0409309 -0.000946734 
-0.0409309 0.0899406 0.0262852 
-0.000946734 0.0262852 0.036202 
0.0515782 -0.0438763 -0.00158157 
-0.0438763 0.0948914 0.0270764 
-0.00158157 0.0270764 0.0362991 
0.0545224 -0.0468637 -0.00229346 
-0.0468637 0.100222 0.0280261 
-0.00229346 0.0280261 0.0366216 
0.0580619 -0.0498562 -0.00309388 
-0.0498562 0.10611 0.0292471 
-0.00309388 0.0292471 0.0373817 
0.062496 -0.0528294 -0.00400079 
-0.0528294 0.112841 0.0309019 
-0.00400079 0.0309019 0.0388755 
0.0682296 -0.055784 -0.00504001 
-0.055784 0.120829 0.0332071 
-0.00504001 0.0332071 0.0414859 
0.0757619 -0.0587572 -0.00624504 
-0.0587572 0.130618 0.0364264 
-0.00624504 0.0364264 0.0456676 
0.0856439 -0.0618278 -0.00765432 
-0.0618278 0.14284 0.0408477 
-0.00765432 0.0408477 0.0519042 
0.0984006 -0.0651103 -0.00930542 
-0.0651103 0.158135 0.0467427 
-0.00930542 0.0467427 0.0606388 
0.114427 -0.0687358 -0.0112266 
-0.0687358 0.177023 0.0543133 
-0.0112266 0.0543133 0.0721871 
0.13388 -0.0728216 -0.0134277 
-0.0728216 0.199778 0.0636391 
-0.0134277 0.0636391 0.0866549 
0.156609 -0.0774396 -0.0158929 
-0.0774396 0.226315 0.07464 
-0.0158929 0.07464 0.103884 
0.182127 -0.0825917 -0.0185785 
-0.0825917 0.256154 0.0870687 
-0.0185785 0.0870687 0.123446 
0.209665 -0.0882007 -0.0214156 
-0.0882007 0.288456 0.100535 
-0.0214156 0.100535 0.144689 
0.238261 -0.0941182 -0.0243181 
-0.0941182 0.322126 0.114554 
-0.0243181 0.114554 0.166821 
0.266878 -0.100146 -0.0271925 
-0.100146 0.355946 0.128606 
-0.0271925 0.128606 0.189004 
0.29451 -0.10606 -0.0299473 
-0.10606 0.388708 0.142187 
-0.0299473 0.142187 0.210435 
0.320255 -0.111635 -0.0324992 
-0.111635 0.419306 0.15485 
-0.0324992 0.15485 0.230411 
0.343352 -0.116662 -0.0347773 
-0.116662 0.446787 0.166217 
-0.0347773 0.166217 0.248343 
0.363184 -0.120952 -0.0367225 
-0.120952 0.470363 0.175983 
-0.0367225 0.175983 0.263764 
0.379258 -0.124342 -0.0382862 
-0.124342 0.489391 0.183904 
-0.0382862 0.183904 0.276304 
0.391172 -0.126688 -0.0394265 
-0.126688 0.503338 0.189783 
-0.0394265 0.189783 0.285668 
0.39859 -0.127865 -0.0401059 
-0.127865 0.51175 0.193453 
-0.0401059 0.193453 0.291607 
0.401222 -0.127762 -0.0402882 
-0.127762 0.514231 0.194769 
-0.0402882 0.194769 0.293906 
0.398825 -0.126287 -0.0399379 
-0.126287 0.510444 0.193605 
-0.0399379 0.193605 0.292376 
0.391224 -0.123375 -0.039021 
-0.123375 0.50014 0.189864 
-0.039021 0.189864 0.286871 
0.37836 -0.119005 -0.0375083 
-0.119005 0.483218 0.183502 
-0.0375083 0.183502 0.277318 
0.360362 -0.113223 -0.0353811 
-0.113223 0.459816 0.174558 
-0.0353811 0.174558 0.263767 
0.337634 -0.106165 -0.0326388 
-0.106165 0.430415 0.163197 
-0.0326388 0.163197 0.246455 
0.310933 -0.0980869 -0.0293076 
-0.0980869 0.39595 0.14975 
-0.0293076 0.14975 0.225864 
0.281414 -0.0893722 -0.0254489 
-0.0893722 0.357858 0.134737 
-0.0254489 0.134737 0.20276 
0.250607 -0.0805181 -0.021163 
-0.0805181 0.318053 0.11886 
-0.021163 0.11886 0.178187 
0.220285 -0.0720899 -0.0165877 
-0.0720899 0.278767 0.102951 
-0.0165877 0.102951 0.153391 
0.192248 -0.0646442 -0.0118881 
-0.0646442 0.242276 0.0878731 
-0.0118881 0.0878731 0.129675 
0.168042 -0.0586357 -0.00723989 
-0.0586357 0.210548 0.0743951 
-0.00723989 0.0743951 0.10822 
0.148709 -0.0543361 -0.00280934 
-0.0543361 0.184929 0.0630727 
-0.00280934 0.0630727 0.0898984 
0.134635 -0.051791 0.00126541 
-0.051791 0.165948 0.0541734 
0.00126541 0.0541734 0.0751651 
0.125557 -0.0508297 0.00488632 
-0.0508297 0.153322 0.0476687 
0.00488632 0.0476687 0.0640367 
0.120702 -0.0511208 0.00799896 
-0.0511208 0.146123 0.0432885 
0.00799896 0.0432885 0.0561672 
0.119009 -0.0522521 0.0105882 
-0.0522521 0.143054 0.040615 
0.0105882 0.040615 0.0509806 
0.119349 -0.0538081 0.0126692 
-0.0538081 0.142725 0.0391793 
0.0126692 0.0391793 0.0478127 
0.120699 -0.0554256 0.0142767 
-0.0554256 0.143866 0.0385394 
0.0142767 0.0385394 0.0460255 
0.122229 -0.0568237 0.0154558 
-0.0568237 0.145445 0.0383258 
0.0154558 0.0383258 0.0450766 
0.123336 -0.057808 0.0162545 
-0.057808 0.146706 0.0382583 
0.0162545 0.0382583 0.0445471 
0.123622 -0.0582612 0.0167194 
-0.0582612 0.147149 0.0381423 
0.0167194 0.0381423 0.0441392 
0.122858 -0.0581268 0.016893 
-0.0581268 0.146485 0.0378557 
0.016893 0.0378557 0.0436581 
0.12094 -0.0573924 0.0168132 
-0.0573924 0.144579 0.0373311 
0.0168132 0.0373311 0.0429891 
0.117852 -0.0560759 0.0165137 
-0.0560759 0.14141 0.0365415 
0.0165137 0.0365415 0.0420762 
0.113636 -0.0542161 0.0160246 
-0.0542161 0.137035 0.0354881 
0.0160246 0.0354881 0.0409048 
0.108383 -0.0518675 0.0153744 
-0.0518675 0.131568 0.0341924 
0.0153744 0.0341924 0.0394903 
0.102218 -0.0490978 0.0145909 
-0.0490978 0.125168 0.0326915 
0.0145909 0.0326915 0.03787 
0.0952971 -0.0459882 0.0137035 
-0.0459882 0.118037 0.0310354 
0.0137035 0.0310354 0.0360985 
0.0878115 -0.0426334 0.0127435 
-0.0426334 0.110411 0.0292853 
0.0127435 0.0292853 0.0342452 
0.079983 -0.0391415 0.0117452 
-0.0391415 0.102565 0.0275116 
0.0117452 0.0275116 0.0323906 
0.0720607 -0.0356321 0.0107455 
-0.0356321 0.0947997 0.0257914 
0.0107455 0.0257914 0.0306229 
0.064311 -0.032231 0.00978258 
-0.032231 0.0874265 0.0242036 
0.00978258 0.0242036 0.029032 
0.0570004 -0.0290621 0.00889372 
-0.0290621 0.0807463 0.0228226 
0.00889372 0.0228226 0.0277013 
0.0503736 -0.0262364 0.00811194 
-0.0262364 0.0750194 0.0217103 
0.00811194 0.0217103 0.0266985 
0.0446284 -0.0238401 0.00746257 
-0.0238401 0.0704354 0.0209078 
0.00746257 0.0209078 0.0260661 
0.0398933 -0.0219242 0.00696019 
-0.0219242 0.0670873 0.0204296 
0.00696019 0.0204296 0.0258143 
0.0362138 -0.0204989 0.00660698 
-0.0204989 0.0649596 0.0202606 
0.00660698 0.0202606 0.025918 
0.0335515 -0.0195338 0.00639293 
-0.0195338 0.0639327 0.0203581 
0.00639293 0.0203581 0.0263205 
0.0317961 -0.018965 0.00629808 
-0.018965 0.0638049 0.020659 
0.00629808 0.020659 0.0269419 
0.0307893 -0.0187073 0.00629624 
-0.0187073 0.0643268 0.0210896 
0.00629624 0.0210896 0.0276909 
0.0303514 -0.0186678 0.00635919 
-0.0186677 0.0652392 0.021576 
0.00635919 0.021576 0.0284781 
0.0303077 -0.0187587 0.00646057 
-0.0187587 0.0663067 0.0220535 
0.00646057 0.0220535 0.0292265 
0.0305068 -0.0189065 0.00657851 
-0.0189065 0.0673397 0.0224718 
0.00657851 0.0224718 0.029878 
0.0308315 -0.0190557 0.00669696 
-0.0190557 0.0682042 0.0227977 
0.00669696 0.0227977 0.0303957 
0.0312004 -0.0191697 0.00680578 
-0.0191697 0.0688205 0.0230134 
0.00680578 0.0230134 0.0307622 
0.0315646 -0.0192283 0.00689992 
-0.0192283 0.0691549 0.0231145 
0.00689992 0.0231145 0.0309759 
0.0319014 -0.019224 0.0069783 
-0.019224 0.0692073 0.0231057 
0.0069783 0.0231057 0.0310467 
0.0322066 -0.019158 0.00704257 
-0.019158 0.0690003 0.0229973 
0.00704257 0.0229973 0.0309909 
0.0324885 -0.0190369 0.00709603 
-0.0190369 0.0685685 0.0228027 
0.00709603 0.0228027 0.0308282 
0.0327623 -0.0188697 0.00714284 
-0.0188697 0.0679518 0.022536 
0.00714284 0.022536 0.0305789 
0.0330472 -0.0186666 0.00718746 
-0.0186666 0.0671902 0.0222106 
0.00718746 0.0222106 0.0302624 
0.0333634 -0.0184377 0.00723433 
-0.0184377 0.0663211 0.0218388 
0.00723433 0.0218388 0.0298963 
0.0337313 -0.0181923 0.0072877 
-0.0181923 0.0653786 0.0214313 
0.0072877 0.0214313 0.0294959 
0.0341707 -0.0179388 0.00735155 
-0.0179388 0.0643923 0.0209973 
0.00735155 0.0209973 0.0290748 
0.0347005 -0.0176847 0.00742957 
-0.0176847 0.0633886 0.0205445 
0.00742957 0.0205445 0.0286447 
0.0353387 -0.0174368 0.00752522 
-0.0174368 0.0623904 0.0200798 
0.00752522 0.0200798 0.0282158 
0.0361024 -0.0172012 0.00764176 
-0.0172012 0.0614183 0.0196088 
0.00764176 0.0196088 0.0277971 
0.0370082 -0.0169835 0.00778224 
-0.0169835 0.0604909 0.0191368 
0.00778224 0.0191368 0.0273968 
0.0380715 -0.0167887 0.00794956 
-0.0167887 0.0596254 0.0186684 
0.00794956 0.0186684 0.0270224 
0.0393073 -0.0166219 0.00814645 
-0.0166219 0.0588378 0.0182078 
0.00814645 0.0182078 0.0266806 
0.0407297 -0.0164875 0.00837547 
-0.0164875 0.0581429 0.0177591 
0.00837547 0.0177591 0.0263781 
0.0423516 -0.0163898 0.00863902 
-0.0163898 0.057555 0.0173262 
0.00863902 0.0173262 0.026121 
0.044185 -0.0163328 0.00893929 
-0.0163328 0.0570875 0.0169126 
0.00893929 0.0169126 0.0259151 
0.0462405 -0.0163204 0.0092782 
-0.0163204 0.0567526 0.0165217 
0.0092782 0.0165217 0.0257656 
0.048527 -0.016356 0.00965744 
-0.016356 0.0565619 0.0161569 
0.00965744 0.0161569 0.0256775 
0.0510517 -0.0164425 0.0100784 
-0.0164425 0.0565256 0.0158213 
0.0100784 0.0158213 0.0256553 
0.05382 -0.0165825 0.0105419 
-0.0165825 0.0566526 0.0155174 
0.0105419 0.0155174 0.0257028 
0.0568347 -0.0167782 0.0110488 
-0.0167782 0.0569502 0.015248 
0.0110488 0.015248 0.0258232 
0.0600966 -0.0170312 0.0115992 
-0.0170312 0.0574242 0.0150149 
0.0115992 0.0150149 0.026019 
0.0636036 -0.0173423 0.0121927 
-0.0173423 0.0580784 0.0148201 
0.0121927 0.0148201 0.0262919 
0.0673512 -0.0177118 0.0128288 
-0.0177118 0.0589147 0.0146648 
0.0128288 0.0146648 0.0266427 
0.071332 -0.0181395 0.0135061 
-0.0181395 0.0599327 0.0145499 
0.0135061 0.0145499 0.0270713 
0.0755357 -0.0186243 0.0142229 
-0.0186243 0.0611302 0.0144757 
0.0142229 0.0144757 0.0275767 
0.0799492 -0.0191644 0.014977 
-0.0191644 0.0625022 0.0144421 
0.014977 0.0144421 0.0281569 
0.0845561 -0.0197571 0.0157655 
-0.0197571 0.0640417 0.0144483 
0.0157655 0.0144483 0.0288089 
0.0893372 -0.0203993 0.0165851 
-0.0203993 0.065739 0.0144933 
0.0165851 0.0144933 0.0295285 
0.0942697 -0.0210867 0.0174318 
-0.0210867 0.0675821 0.014575 
0.0174318 0.014575 0.0303105 
0.0993274 -0.0218144 0.018301 
-0.0218144 0.0695559 0.0146912 
0.018301 0.0146912 0.0311485 
0.10448 -0.0225764 0.0191874 
-0.0225764 0.0716429 0.0148389 
0.0191874 0.0148389 0.0320349 
0.109693 -0.0233659 0.0200848 
-0.0233659 0.0738222 0.0150143 
0.0200848 0.0150143 0.0329608 
0.114928 -0.0241749 0.0209862 
-0.0241749 0.0760694 0.0152133 
0.0209862 0.0152133 0.0339156 
0.12014 -0.024994 0.0218836 
-0.024994 0.0783568 0.0154306 
0.0218836 0.0154306 0.0348876 
0.125278 -0.025813 0.022768 
-0.025813 0.0806523 0.0156607 
0.022768 0.0156607 0.035863 
0.130286 -0.0266197 0.0236289 
-0.0266197 0.0829197 0.015897 
0.0236289 0.015897 0.0368267 
0.135103 -0.0274007 0.0244546 
-0.0274007 0.0851183 0.0161323 
0.0244546 0.0161323 0.0377617 
0.139659 -0.0281412 0.0252324 
-0.0281412 0.0872034 0.0163589 
0.0252324 0.0163589 0.0386497 
0.143883 -0.0288249 0.0259481 
-0.0288249 0.0891261 0.0165685 
0.0259481 0.0165685 0.0394715 
0.147703 -0.0294345 0.0265869 
-0.0294345 0.090835 0.0167527 
0.0265869 0.0167527 0.0402076 
0.151049 -0.0299521 0.0271336 
-0.0299521 0.0922776 0.0169034 
0.0271336 0.0169034 0.0408392 
0.153859 -0.0303603 0.0275732 
-0.0303603 0.0934027 0.0170132 
0.0275732 0.0170132 0.0413497 
0.156083 -0.0306423 0.0278923 
-0.0306423 0.0941632 0.017076 
0.0278923 0.017076 0.041726 
0.157694 -0.0307839 0.0280794 
-0.0307839 0.09452 0.0170879 
0.0280794 0.0170879 0.0419603 
0.158689 -0.0307744 0.0281266 
-0.0307744 0.0944451 0.0170473 
0.0281266 0.0170473 0.0420519 
0.159096 -0.0306077 0.0280306 
-0.0306077 0.0939253 0.0169559 
0.0280306 0.0169559 0.0420075 
0.158974 -0.0302831 0.0277931 
-0.0302831 0.0929647 0.0168183 
0.0277931 0.0168183 0.0418422 
0.158413 -0.0298063 0.0274213 
-0.0298063 0.0915859 0.0166424 
0.0274213 0.0166424 0.0415786 
0.157524 -0.0291892 0.0269281 
-0.0291892 0.0898293 0.0164383 
0.0269281 0.0164383 0.0412451 
0.156432 -0.0284492 0.026331 
-0.0284492 0.087751 0.0162178 
0.026331 0.0162178 0.0408735 
0.155265 -0.0276084 0.025651 
-0.0276084 0.0854186 0.0159928 
0.025651 0.0159928 0.0404956 
0.154136 -0.0266919 0.0249113 
-0.0266919 0.0829064 0.0157745 
0.0249113 0.0157745 0.0401401 
0.153136 -0.0257262 0.0241352 
-0.0257262 0.0802897 0.0155721 
0.0241352 0.0155721 0.0398292 
0.152322 -0.0247371 0.0233448 
-0.0247371 0.0776388 0.0153914 
0.0233448 0.0153914 0.0395762 
0.151707 -0.0237481 0.0225589 
-0.0237481 0.0750146 0.0152345 
0.0225589 0.0152345 0.0393833 
0.15126 -0.0227789 0.0217924 
-0.0227789 0.0724634 0.0150994 
0.0217924 0.0150994 0.039241 
0.150902 -0.0218442 0.0210543 
-0.0218442 0.0700149 0.0149792 
0.0210543 0.0149792 0.0391271 
0.150502 -0.0209525 0.020348 
-0.0209525 0.0676788 0.0148629 
0.020348 0.0148629 0.0390071 
0.149887 -0.0201054 0.0196693 
-0.0201054 0.0654441 0.0147351 
0.0196693 0.0147351 0.0388341 
0.148838 -0.0192969 0.0190069 
-0.0192969 0.063279 0.0145771 
0.0190069 0.0145771 0.0385498 
0.147106 -0.0185132 0.0183413 
-0.0185132 0.0611335 0.0143686 
0.0183413 0.0143686 0.0380877 
0.144435 -0.0177328 0.0176448 
-0.0177328 0.0589457 0.0140907 
0.0176448 0.0140907 0.0373779 
0.140604 -0.0169281 0.0168829 
-0.0169281 0.0566555 0.0137324 
0.0168829 0.0137324 0.0363583 
0.135499 -0.0160684 0.0160161 
-0.0160684 0.0542272 0.0132994 
0.0160161 0.0132994 0.0349913 
0.129212 -0.0151258 0.0150057 
-0.0151258 0.0516817 0.0128258 
0.0150057 0.0128258 0.0332875 
0.122133 -0.0140827 0.0138209 
-0.0140827 0.0491318 0.0123858 
0.0138209 0.0123858 0.0313307 
0.115016 -0.0129414 0.0124482 
-0.0129414 0.0468051 0.0120973 
0.0124482 0.0120973 0.0292935 
0.108929 -0.0117293 0.0109003 
-0.0117293 0.0450347 0.0121117 
0.0109003 0.0121117 0.0274287 
0.105068 -0.0104989 0.00921904 
-0.0104989 0.0441998 0.0125835 
0.00921904 0.0125835 0.0260264 
0.104458 -0.00931756 0.00747126 
-0.00931756 0.0446247 0.013627 
0.00747126 0.013627 0.0253435 
0.107651 -0.00825163 0.00573635 
-0.00825163 0.0464741 0.0152765 
0.00573635 0.0152765 0.0255313 
0.114569 -0.00735027 0.00409011 
-0.00735027 0.0496948 0.0174707 
0.00409011 0.0174707 0.0265948 
0.124559 -0.00663629 0.00259122 
-0.00663629 0.0540308 0.020068 
0.00259122 0.020068 0.028402 
0.136614 -0.00610629 0.00127451 
-0.00610629 0.059101 0.0228848 
0.00127451 0.0228848 0.0307338 
0.149648 -0.00573796 0.000151485 
-0.00573796 0.0644962 0.0257392 
0.000151485 0.0257392 0.033346 
0.162711 -0.00549965 -0.000784307 
-0.00549965 0.069858 0.028481 
-0.000784307 0.028481 0.0360203 
0.175096 -0.00535848 -0.00155039 
-0.00535848 0.0749198 0.031006 
-0.00155039 0.031006 0.0385914 
0.186359 -0.00528535 -0.00216929 
-0.00528535 0.0795139 0.0332554 
-0.00216929 0.0332554 0.0409517 
0.196275 -0.00525705 -0.00266423 
-0.00525705 0.0835562 0.0352065 
-0.00266423 0.0352065 0.0430438 
0.20478 -0.00525634 -0.00305662 
-0.00525634 0.0870239 0.0368614 
-0.00305662 0.0368614 0.0448469 
0.21191 -0.00527118 -0.00336491 
-0.00527118 0.0899329 0.0382373 
-0.00336491 0.0382373 0.046364 
0.217755 -0.00529351 -0.00360427 
-0.00529351 0.09232 0.0393579 
-0.00360427 0.0393579 0.0476112 
0.222426 -0.00531822 -0.00378673 
-0.00531822 0.0942299 0.0402487 
-0.00378673 0.0402487 0.0486099 
0.226032 -0.00534222 -0.00392151 
-0.00534222 0.0957075 0.0409337 
-0.00392151 0.0409337 0.0493827 
0.228674 -0.00536383 -0.00401542 
-0.00536383 0.0967927 0.0414332 
-0.00401542 0.0414332 0.0499497 
0.230432 -0.00538233 -0.00407312 
-0.00538233 0.0975182 0.0417634 
-0.00407312 0.0417634 0.0503278 
0.231363 -0.00539771 -0.00409744 
-0.00539771 0.0979084 0.0419359 
-0.00409744 0.0419359 0.0505293 
0.231504 -0.00541052 -0.00408946 
-0.00541052 0.0979788 0.0419575 
-0.00408946 0.0419575 0.050562 
0.230869 -0.00542194 -0.00404855 
-0.00542194 0.0977366 0.0418306 
-0.00404855 0.0418306 0.0504291 
0.229452 -0.00543387 -0.00397226 
-0.00543387 0.0971807 0.0415529 
-0.00397226 0.0415529 0.0501294 
0.227223 -0.00544921 -0.00385609 
-0.00544921 0.0963033 0.0411177 
-0.00385609 0.0411177 0.0496577 
0.22414 -0.00547239 -0.00369301 
-0.00547239 0.0950903 0.0405145 
-0.00369301 0.0405145 0.0490053 
0.22014 -0.00551004 -0.00347282 
-0.00551004 0.0935246 0.0397286 
-0.00347282 0.0397286 0.0481611 
