3,3,249
0.0292764 -0.00208833 -0.0438166 
-0.00208833 0.361254 0.010298 
-0.0438166 0.010298 0.160261 
0.0298925 -0.00227296 -0.0449224 
-0.00227296 0.383991 0.0111445 
-0.0449224 0.0111445 0.16517 
0.0303581 -0.00237425 -0.0457082 
-0.00237425 0.397061 0.011613 
-0.0457082 0.011613 0.168463 
0.0305855 -0.00241747 -0.0460837 
-0.00241747 0.402771 0.0118138 
-0.0460837 0.0118138 0.170002 
0.0305602 -0.00241298 -0.0460424 
-0.00241298 0.40217 0.0117929 
-0.0460424 0.0117929 0.169834 
0.0302829 -0.00235971 -0.0455836 
-0.00235971 0.395145 0.0115454 
-0.0455836 0.0115454 0.16795 
0.0297739 -0.00224484 -0.0447193 
-0.00224484 0.380413 0.0110148 
-0.0447193 0.0110148 0.164306 
0.0291494 -0.00203951 -0.0435747 
-0.00203951 0.355411 0.0100754 
-0.0435747 0.0100754 0.159131 
0.0288503 -0.00169041 -0.042699 
-0.00169041 0.31646 0.00850312 
-0.042699 0.00850312 0.153914 
0.0301863 -0.00110978 -0.0438159 
-0.00110978 0.260231 0.00594761 
-0.0438159 0.00594761 0.153844 
0.0361628 -0.000181628 -0.0509922 
-0.000181628 0.18827 0.0019873 
-0.0509922 0.0019873 0.171765 
0.0512199 0.0011667 -0.0703643 
0.0011667 0.113477 -0.00355883 
-0.0703643 -0.00355883 0.227728 
0.0768811 0.00280208 -0.104245 
0.00280208 0.0572832 -0.0100454 
-0.104245 -0.0100454 0.330341 
0.106354 0.0043333 -0.143611 
0.0043333 0.0300822 -0.015942 
-0.143611 -0.015942 0.451989 
0.129555 0.00540947 -0.174768 
0.00540947 0.0225667 -0.0200054 
-0.174768 -0.0200054 0.549156 
0.142889 0.0059938 -0.192719 
0.0059938 0.0219301 -0.0221877 
-0.192719 -0.0221877 0.605375 
0.148898 0.00625046 -0.200817 
0.00625046 0.0223628 -0.0231413 
-0.200817 -0.0231413 0.63078 
0.151062 0.00634202 -0.203734 
0.00634202 0.0226219 -0.0234806 
-0.203734 -0.0234806 0.63994 
0.151569 0.00636345 -0.204416 
0.00636345 0.0226906 -0.0235598 
-0.204416 -0.0235598 0.642081 
0.15143 0.00635776 -0.204228 
0.00635776 0.0226696 -0.0235386 
-0.204228 -0.0235386 0.641489 
0.151038 0.00634145 -0.203697 
0.00634145 0.0226114 -0.023478 
-0.203697 -0.023478 0.639821 
0.150521 0.00631995 -0.202997 
0.00631995 0.0225347 -0.023398 
-0.202997 -0.023398 0.637622 
0.149911 0.00629465 -0.202173 
0.00629465 0.0224444 -0.0233039 
-0.202173 -0.0233039 0.635031 
0.14921 0.00626557 -0.201224 
0.00626557 0.0223407 -0.0231957 
-0.201224 -0.0231957 0.632049 
0.148408 0.00623233 -0.200137 
0.00623233 0.0222221 -0.023072 
-0.200137 -0.023072 0.628632 
0.147489 0.00619435 -0.198892 
0.00619435 0.0220866 -0.0229305 
-0.198892 -0.0229305 0.624719 
0.146437 0.00615096 -0.197465 
0.00615096 0.0219317 -0.0227686 
-0.197465 -0.0227686 0.620235 
0.145233 0.00610141 -0.195831 
0.00610141 0.0217549 -0.0225837 
-0.195831 -0.0225837 0.615096 
0.143854 0.00604485 -0.193958 
0.00604485 0.021553 -0.0223723 
-0.193958 -0.0223723 0.609208 
0.142277 0.00598035 -0.191812 
0.00598035 0.0213228 -0.0221308 
-0.191812 -0.0221308 0.602461 
0.140473 0.00590691 -0.189356 
0.00590691 0.0210606 -0.0218554 
-0.189356 -0.0218554 0.594737 
0.138414 0.00582345 -0.186548 
0.00582345 0.0207625 -0.0215419 
-0.186548 -0.0215419 0.585902 
0.136067 0.00572887 -0.183341 
0.00572887 0.0204247 -0.0211857 
-0.183341 -0.0211857 0.575814 
0.133399 0.00562207 -0.179689 
0.00562207 0.0200431 -0.0207824 
-0.179689 -0.0207824 0.564319 
0.130376 0.00550202 -0.175541 
0.00550202 0.019614 -0.0203274 
-0.175541 -0.0203274 0.55126 
0.126965 0.00536785 -0.170847 
0.00536785 0.0191343 -0.019817 
-0.170847 -0.019817 0.536477 
0.123136 0.00521897 -0.16556 
0.00521897 0.0186016 -0.0192477 
-0.16556 -0.0192477 0.519818 
0.118865 0.00505521 -0.159639 
0.00505521 0.0180154 -0.0186178 
-0.159639 -0.0186178 0.501153 
0.114138 0.00487703 -0.153054 
0.00487703 0.017377 -0.0179273 
-0.153054 -0.0179273 0.480382 
0.108955 0.00468571 -0.145792 
0.00468571 0.0166909 -0.017179 
-0.145792 -0.017179 0.457458 
0.103335 0.00448358 -0.137862 
0.00448358 0.0159651 -0.0163793 
-0.137862 -0.0163793 0.432403 
0.0973207 0.00427425 -0.129303 
0.00427425 0.0152123 -0.0155387 
-0.129303 -0.0155387 0.405334 
0.0909836 0.00406271 -0.120192 
0.00406271 0.01445 -0.0146727 
-0.120192 -0.0146727 0.376479 
0.0844259 0.00385539 -0.110643 
0.00385539 0.0137008 -0.0138019 
-0.110643 -0.0138019 0.34619 
0.0777811 0.00366002 -0.100814 
0.00366002 0.0129922 -0.0129518 
-0.100814 -0.0129518 0.314955 
0.0712093 0.00348521 -0.0909003 
0.00348521 0.0123548 -0.0121514 
-0.0909003 -0.0121514 0.283379 
0.0648887 0.00333985 -0.0811276 
0.00333985 0.0118203 -0.0114316 
-0.0811276 -0.0114316 0.252161 
0.0590026 0.00323224 -0.0717342 
0.00323224 0.011419 -0.0108226 
-0.0717342 -0.0108226 0.222048 
0.0537223 0.00316908 -0.0629536 
0.00316908 0.0111756 -0.0103502 
-0.0629536 -0.0103502 0.193775 
0.0491896 0.00315446 -0.0549915 
0.00315446 0.0111065 -0.0100331 
-0.0549915 -0.0100331 0.167994 
0.0455011 0.00318908 -0.0480059 
0.00318908 0.0112169 -0.00987975 
-0.0480059 -0.00987975 0.145211 
0.0426983 0.00326985 -0.0420924 
0.00326985 0.0114998 -0.00988753 
-0.0420924 -0.00988753 0.125744 
0.0407646 0.00338991 -0.0372776 
0.00338991 0.0119363 -0.0100423 
-0.0372776 -0.0100423 0.109697 
0.0396311 0.00353907 -0.0335226 
0.00353907 0.0124978 -0.0103203 
-0.0335226 -0.0103203 0.0969686 
0.0391887 0.00370473 -0.0307337 
0.00370473 0.0131498 -0.0106907 
-0.0307337 -0.0106907 0.0872871 
0.039304 0.00387269 -0.0287801 
0.00387269 0.0138557 -0.0111195 
-0.0287801 -0.0111195 0.08026 
0.0398367 0.00402807 -0.0275116 
0.00402807 0.0145805 -0.0115721 
-0.0275116 -0.0115721 0.0754312 
0.0406547 0.00415582 -0.0267763 
0.00415582 0.0152944 -0.0120166 
-0.0267764 -0.0120166 0.0723329 
0.0416448 0.00424094 -0.0264341 
0.00424094 0.0159749 -0.0124254 
-0.0264341 -0.0124254 0.0705273 
0.04272 0.00426826 -0.026365 
0.00426826 0.0166078 -0.0127756 
-0.026365 -0.0127756 0.0696338 
0.0438227 0.00422189 -0.026474 
0.00422189 0.0171873 -0.0130493 
-0.026474 -0.0130493 0.0693424 
0.0449245 0.0040844 -0.0266914 
0.0040844 0.0177162 -0.0132326 
-0.0266914 -0.0132326 0.0694169 
0.0460251 0.00383583 -0.0269722 
0.00383583 0.0182048 -0.0133146 
-0.0269722 -0.0133146 0.0696901 
0.0471498 0.00345256 -0.0272924 
0.00345256 0.0186707 -0.0132863 
-0.0272925 -0.0132863 0.0700554 
0.0483476 0.00290617 -0.0276473 
0.00290617 0.019138 -0.0131392 
-0.0276473 -0.0131392 0.0704579 
0.0496899 0.00216234 -0.0280474 
0.00216234 0.0196374 -0.0128642 
-0.0280474 -0.0128642 0.070884 
0.0512688 0.00117977 -0.0285175 
0.00117977 0.0202058 -0.0124511 
-0.0285175 -0.0124511 0.071355 
0.0531972 -9.06767e-05 -0.0290938 
-9.06767e-05 0.0208869 -0.0118876 
-0.0290938 -0.0118876 0.0719201 
0.0556085 -0.0017066 -0.0298236 
-0.0017066 0.0217308 -0.0111589 
-0.0298236 -0.0111589 0.072652 
0.0586561 -0.00373437 -0.0307635 
-0.00373437 0.0227946 -0.0102479 
-0.0307635 -0.0102479 0.073644 
0.0625129 -0.00624895 -0.0319791 
-0.00624895 0.0241417 -0.00913453 
-0.0319791 -0.00913453 0.0750063 
0.067369 -0.00933316 -0.0335436 
-0.00933316 0.0258419 -0.00779665 
-0.0335436 -0.00779665 0.0768645 
0.0734297 -0.0130762 -0.0355367 
-0.0130762 0.02797 -0.00621019 
-0.0355367 -0.00621019 0.0793563 
0.0809099 -0.0175714 -0.0380423 
-0.0175714 0.0306046 -0.00435003 
-0.0380423 -0.00435003 0.0826277 
0.0900286 -0.0229133 -0.0411465 
-0.0229133 0.0338252 -0.00219103 
-0.0411465 -0.00219103 0.0868294 
0.101 -0.0291935 -0.0449339 
-0.0291935 0.0377101 0.000290798 
-0.0449339 0.000290798 0.0921111 
0.114026 -0.0364965 -0.0494844 
-0.0364965 0.0423325 0.00311682 
-0.0494844 0.00311682 0.098615 
0.129281 -0.0448945 -0.0548687 
-0.0448945 0.0477566 0.00630427 
-0.0548687 0.00630427 0.106469 
0.146906 -0.0544419 -0.0611439 
-0.0544419 0.0540338 0.00986471 
-0.0611439 0.00986471 0.115778 
0.166993 -0.0651708 -0.0683493 
-0.0651708 0.0611983 0.0138025 
-0.0683493 0.0138025 0.12662 
0.189577 -0.0770857 -0.0765022 
-0.0770857 0.0692634 0.0181136 
-0.0765022 0.0181136 0.139033 
0.214625 -0.0901603 -0.0855944 
-0.0901603 0.0782183 0.0227841 
-0.0855944 0.0227841 0.153015 
0.242033 -0.104334 -0.0955897 
-0.104334 0.0880259 0.02779 
-0.0955897 0.02779 0.168516 
0.271617 -0.119509 -0.106422 
-0.119509 0.0986208 0.0330963 
-0.106422 0.0330963 0.185434 
0.303114 -0.135553 -0.117993 
-0.135553 0.109909 0.038657 
-0.117993 0.038657 0.203616 
0.336177 -0.152295 -0.130176 
-0.152295 0.121766 0.0444153 
-0.130176 0.0444153 0.222856 
0.370383 -0.169527 -0.14281 
-0.169527 0.13404 0.0503032 
-0.14281 0.0503032 0.242894 
0.405225 -0.187004 -0.155704 
-0.187004 0.14655 0.0562421 
-0.155704 0.0562421 0.263417 
0.440118 -0.204444 -0.168637 
-0.204444 0.159087 0.0621427 
-0.168637 0.0621427 0.284062 
0.474395 -0.221529 -0.181355 
-0.221529 0.171414 0.067905 
-0.181355 0.067905 0.30441 
0.507305 -0.2379 -0.193572 
-0.2379 0.183266 0.073418 
-0.193572 0.073418 0.323987 
0.538017 -0.25316 -0.20497 
-0.25316 0.194353 0.07856 
-0.20497 0.07856 0.342269 
0.565615 -0.266872 -0.215195 
-0.266872 0.204362 0.0831998 
-0.215195 0.0831998 0.358673 
0.589117 -0.278565 -0.223867 
-0.278565 0.212961 0.0871989 
-0.223867 0.0871989 0.372573 
0.607489 -0.287742 -0.230582 
-0.287742 0.219819 0.0904163 
-0.230582 0.0904163 0.383304 
0.619696 -0.293903 -0.234929 
-0.293903 0.22462 0.0927173 
-0.234929 0.0927173 0.390195 
0.624768 -0.296574 -0.236512 
-0.296574 0.227099 0.0939859 
-0.236512 0.0939859 0.392609 
0.621901 -0.295355 -0.23499 
-0.295355 0.227087 0.0941426 
-0.23499 0.0941426 0.389998 
0.610584 -0.289977 -0.230119 
-0.289977 0.224556 0.0931655 
-0.230119 0.0931655 0.381988 
0.590738 -0.280376 -0.221808 
-0.280376 0.219677 0.0911118 
-0.221808 0.0911118 0.368464 
0.562846 -0.266747 -0.210168 
-0.266747 0.212854 0.0881349 
-0.210168 0.0881349 0.349647 
0.528026 -0.249587 -0.195545 
-0.249587 0.204736 0.08449 
-0.195545 0.08449 0.326156 
0.488019 -0.229693 -0.178525 
-0.229693 0.196183 0.0805211 
-0.178525 0.0805211 0.299001 
0.445055 -0.208107 -0.159901 
-0.208107 0.18817 0.0766278 
-0.159901 0.0766278 0.269516 
0.40161 -0.186003 -0.140585 
-0.186003 0.181664 0.0732128 
-0.140585 0.0732128 0.239222 
0.360094 -0.164545 -0.121507 
-0.164545 0.17747 0.0706226 
-0.121507 0.0706226 0.209641 
0.322533 -0.144739 -0.103499 
-0.144739 0.176107 0.0690952 
-0.103499 0.0690952 0.182105 
0.290345 -0.127323 -0.0872057 
-0.127323 0.177733 0.0687281 
-0.0872057 0.0687281 0.157608 
0.264228 -0.112707 -0.0730289 
-0.112707 0.182148 0.0694749 
-0.0730289 0.0694749 0.136729 
0.244199 -0.100982 -0.0611291 
-0.100982 0.188853 0.0711683 
-0.0611291 0.0711683 0.119636 
0.22973 -0.09198 -0.0514589 
-0.09198 0.19716 0.0735599 
-0.0514589 0.0735599 0.106157 
0.219942 -0.085355 -0.0438216 
-0.085355 0.206305 0.0763649 
-0.0438216 0.0763649 0.0958809 
0.213792 -0.0806708 -0.0379337 
-0.0806708 0.21555 0.0793014 
-0.0379337 0.0793014 0.0882713 
0.210231 -0.077472 -0.0334793 
-0.077472 0.224245 0.0821176 
-0.0334793 0.0821176 0.0827549 
0.208302 -0.0753338 -0.0301498 
-0.0753338 0.231867 0.084607 
-0.0301498 0.084607 0.0787882 
0.207196 -0.0738898 -0.0276683 
-0.0738898 0.238029 0.0866121 
-0.0276683 0.0866121 0.0758943 
0.20627 -0.0728429 -0.0258003 
-0.0728429 0.242461 0.0880214 
-0.0258003 0.0880214 0.0736791 
0.205037 -0.0719643 -0.0243563 
-0.0719643 0.245 0.0887624 
-0.0243563 0.0887624 0.0718306 
0.203145 -0.0710864 -0.0231885 
-0.0710864 0.245562 0.0887932 
-0.0231886 0.0887932 0.0701119 
0.200356 -0.0700935 -0.0221851 
-0.0700935 0.244124 0.0880954 
-0.0221852 0.0880954 0.068349 
0.196522 -0.0689124 -0.0212638 
-0.0689124 0.240708 0.0866681 
-0.0212639 0.0866681 0.0664191 
0.191567 -0.0675048 -0.0203662 
-0.0675048 0.235376 0.0845245 
-0.0203662 0.0845245 0.0642409 
0.185477 -0.0658619 -0.0194527 
-0.0658619 0.228223 0.0816901 
-0.0194527 0.0816901 0.061766 
0.178291 -0.0640001 -0.0184991 
-0.0640001 0.219377 0.0782031 
-0.0184991 0.0782031 0.0589738 
0.170099 -0.0619591 -0.0174936 
-0.0619591 0.209008 0.0741153 
-0.0174936 0.0741153 0.0558681 
0.161043 -0.0598003 -0.0164353 
-0.0598003 0.197331 0.0694953 
-0.0164353 0.0694953 0.0524749 
0.151313 -0.057606 -0.0153324 
-0.057606 0.184612 0.0644301 
-0.0153324 0.0644301 0.0488416 
0.141155 -0.0554767 -0.0142019 
-0.0554767 0.171172 0.0590275 
-0.0142019 0.0590275 0.0450358 
0.130857 -0.0535276 -0.0130678 
-0.0535276 0.157386 0.0534156 
-0.0130678 0.0534156 0.0411436 
0.120743 -0.0518819 -0.0119601 
-0.0518819 0.143671 0.0477403 
-0.0119601 0.0477403 0.0372662 
0.111157 -0.0506622 -0.0109123 
-0.0506622 0.130468 0.0421595 
-0.0109123 0.0421595 0.0335139 
0.102433 -0.0499786 -0.00995914 
-0.0499786 0.118212 0.0368338 
-0.00995914 0.0368338 0.0299986 
0.0948689 -0.0499155 -0.00913314 
-0.0499155 0.107298 0.0319142 
-0.00913314 0.0319142 0.026824 
0.0886953 -0.0505208 -0.00846131 
-0.0505208 0.098038 0.0275294 
-0.00846131 0.0275294 0.0240757 
0.0840494 -0.0517965 -0.00796233 
-0.0517965 0.0906379 0.0237739 
-0.00796233 0.0237739 0.0218123 
0.0809622 -0.053697 -0.00764465 
-0.053697 0.0851714 0.0206998 
-0.00764465 0.0206998 0.0200598 
0.079358 -0.0561333 -0.00750605 
-0.0561333 0.0815808 0.0183142 
-0.00750605 0.0183142 0.0188107 
0.0790714 -0.058984 -0.00753478 
-0.058984 0.079694 0.0165832 
-0.00753478 0.0165832 0.0180276 
0.0798741 -0.0621111 -0.00771186 
-0.0621111 0.0792558 0.0154402 
-0.00771186 0.0154402 0.0176506 
0.0815088 -0.0653764 -0.0080142 
-0.0653764 0.0799673 0.0147983 
-0.0080142 0.0147983 0.017607 
0.083721 -0.0686566 -0.00841774 
-0.0686566 0.0815249 0.0145629 
-0.00841774 0.0145629 0.0178211 
0.0862849 -0.0718538 -0.00890012 
-0.0718538 0.0836516 0.0146422 
-0.00890012 0.0146422 0.0182223 
0.0890188 -0.0749004 -0.00944249 
-0.0749004 0.0861182 0.014955 
-0.00944249 0.014955 0.0187507 
0.0917916 -0.0777599 -0.0100304 
-0.0777599 0.0887517 0.015435 
-0.0100304 0.015435 0.0193598 
0.0945213 -0.080423 -0.0106541 
-0.080423 0.0914357 0.016032 
-0.0106541 0.016032 0.0200164 
0.0971678 -0.0829024 -0.0113076 
-0.0829024 0.0941027 0.0167104 
-0.0113076 0.0167104 0.0206997 
0.0997238 -0.0852265 -0.0119887 
-0.0852265 0.0967251 0.0174476 
-0.0119887 0.0174476 0.0213985 
0.102206 -0.0874338 -0.0126976 
-0.0874338 0.0993037 0.0182304 
-0.0126976 0.0182304 0.0221095 
0.104644 -0.0895676 -0.0134361 
-0.0895676 0.101859 0.019053 
-0.0134361 0.019053 0.0228341 
0.10708 -0.0916725 -0.0142072 
-0.0916725 0.104421 0.0199141 
-0.0142072 0.0199141 0.0235772 
0.109555 -0.0937919 -0.0150144 
-0.0937919 0.107027 0.0208156 
-0.0150144 0.0208156 0.0243451 
0.112112 -0.095966 -0.0158613 
-0.095966 0.109714 0.0217606 
-0.0158613 0.0217606 0.025145 
0.114793 -0.0982312 -0.0167512 
-0.0982312 0.112517 0.022753 
-0.0167512 0.022753 0.0259841 
0.117635 -0.100619 -0.017687 
-0.100619 0.115467 0.0237961 
-0.017687 0.0237961 0.0268686 
0.120672 -0.103156 -0.0186709 
-0.103156 0.118591 0.0248929 
-0.0186709 0.0248929 0.0278042 
0.123933 -0.105865 -0.0197043 
-0.105865 0.12191 0.0260451 
-0.0197043 0.0260451 0.0287953 
0.127443 -0.108762 -0.020788 
-0.108762 0.125438 0.0272532 
-0.020788 0.0272532 0.0298454 
0.131224 -0.111859 -0.0219214 
-0.111859 0.129182 0.0285162 
-0.0219214 0.0285162 0.0309563 
0.135291 -0.115164 -0.0231033 
-0.115164 0.133145 0.0298317 
-0.0231033 0.0298317 0.0321287 
0.139657 -0.118678 -0.0243311 
-0.118678 0.137321 0.0311953 
-0.0243311 0.0311953 0.0333618 
0.144329 -0.122397 -0.0256013 
-0.122397 0.141696 0.032601 
-0.0256013 0.032601 0.0346534 
0.149313 -0.126314 -0.0269091 
-0.126314 0.146252 0.0340411 
-0.0269091 0.0340411 0.0359997 
0.154607 -0.130414 -0.0282485 
-0.130414 0.150961 0.0355059 
-0.0282485 0.0355059 0.0373954 
0.160207 -0.134678 -0.0296126 
-0.134678 0.155788 0.0369841 
-0.0296126 0.0369841 0.0388338 
0.166104 -0.139081 -0.0309932 
-0.139081 0.160693 0.0384628 
-0.0309932 0.0384628 0.0403067 
0.172287 -0.143595 -0.0323813 
-0.143595 0.165628 0.0399276 
-0.0323813 0.0399276 0.0418046 
0.17874 -0.148185 -0.0337671 
-0.148185 0.170541 0.0413628 
-0.0337671 0.0413628 0.0433167 
0.185446 -0.152813 -0.03514 
-0.152813 0.175374 0.0427518 
-0.03514 0.0427518 0.0448313 
0.192384 -0.157439 -0.036489 
-0.157439 0.180066 0.0440774 
-0.036489 0.0440774 0.0463357 
0.199534 -0.162018 -0.037803 
-0.162018 0.184554 0.0453222 
-0.037803 0.0453222 0.0478168 
0.206873 -0.166506 -0.0390707 
-0.166506 0.188775 0.0464689 
-0.0390707 0.0464689 0.0492611 
0.214379 -0.170857 -0.0402812 
-0.170857 0.192666 0.0475008 
-0.0402812 0.0475008 0.0506552 
0.222033 -0.175025 -0.0414242 
-0.175025 0.196166 0.0484022 
-0.0414242 0.0484022 0.0519861 
0.229816 -0.178966 -0.04249 
-0.178966 0.199221 0.049159 
-0.04249 0.049159 0.0532414 
0.237712 -0.18264 -0.04347 
-0.18264 0.201778 0.0497588 
-0.04347 0.0497588 0.0544095 
0.245708 -0.186009 -0.0443569 
-0.186009 0.203796 0.0501913 
-0.0443569 0.0501913 0.0554802 
0.253794 -0.189039 -0.0451444 
-0.189039 0.205237 0.0504485 
-0.0451444 0.0504485 0.0564446 
0.261966 -0.191701 -0.045828 
-0.191701 0.206075 0.0505252 
-0.045828 0.0505252 0.0572954 
0.27022 -0.193972 -0.0464043 
-0.193972 0.206291 0.0504185 
-0.0464043 0.0504185 0.058027 
0.278557 -0.195833 -0.0468715 
-0.195833 0.205878 0.0501285 
-0.0468715 0.0501285 0.0586357 
0.286979 -0.197271 -0.0472292 
-0.197271 0.204836 0.0496576 
-0.0472292 0.0496576 0.0591191 
0.295493 -0.198277 -0.047478 
-0.198277 0.203174 0.049011 
-0.047478 0.049011 0.059477 
0.304101 -0.198849 -0.0476199 
-0.198849 0.200911 0.0481959 
-0.0476199 0.0481959 0.0597105 
0.312809 -0.198986 -0.0476574 
-0.198986 0.198073 0.0472217 
-0.0476574 0.0472217 0.0598224 
0.321617 -0.198694 -0.047594 
-0.198694 0.194691 0.0460996 
-0.047594 0.0460996 0.0598167 
0.330524 -0.197978 -0.0474332 
-0.197978 0.190804 0.0448424 
-0.0474332 0.0448424 0.0596989 
0.339524 -0.196848 -0.0471791 
-0.196848 0.186456 0.0434642 
-0.0471791 0.0434642 0.0594753 
0.348605 -0.195314 -0.0468354 
-0.195314 0.181694 0.0419799 
-0.0468354 0.0419799 0.0591537 
0.357747 -0.193385 -0.0464053 
-0.193385 0.176569 0.0404053 
-0.0464053 0.0404053 0.0587426 
0.366924 -0.191072 -0.0458917 
-0.191072 0.171133 0.0387568 
-0.0458917 0.0387568 0.0582513 
0.376104 -0.188384 -0.0452967 
-0.188384 0.165442 0.0370509 
-0.0452967 0.0370509 0.0576904 
0.385248 -0.185329 -0.0446213 
-0.185329 0.159549 0.0353042 
-0.0446213 0.0353042 0.0570712 
0.394309 -0.181913 -0.0438656 
-0.181913 0.153512 0.0335331 
-0.0438656 0.0335331 0.056406 
0.403238 -0.17814 -0.0430285 
-0.17814 0.147386 0.031754 
-0.0430285 0.031754 0.0557082 
0.411983 -0.174012 -0.0421078 
-0.174012 0.141224 0.0299825 
-0.0421078 0.0299825 0.0549922 
0.42049 -0.169529 -0.0411003 
-0.169529 0.135082 0.0282339 
-0.0411003 0.0282339 0.0542734 
0.428709 -0.16469 -0.0400018 
-0.16469 0.129011 0.0265225 
-0.0400018 0.0265225 0.0535685 
0.436596 -0.159493 -0.0388076 
-0.159493 0.123062 0.024862 
-0.0388076 0.024862 0.0528948 
0.444112 -0.153933 -0.0375121 
-0.153933 0.117282 0.0232648 
-0.0375121 0.0232648 0.0522706 
0.451228 -0.148009 -0.0361101 
-0.148009 0.111715 0.0217424 
-0.0361101 0.0217424 0.0517145 
0.457928 -0.141719 -0.0345962 
-0.141719 0.106404 0.0203047 
-0.0345962 0.0203047 0.0512455 
0.464208 -0.135062 -0.0329657 
-0.135062 0.101386 0.0189605 
-0.0329657 0.0189605 0.0508821 
0.470078 -0.128042 -0.0312149 
-0.128042 0.0966921 0.0177169 
-0.0312149 0.0177169 0.0506422 
0.475561 -0.120665 -0.0293414 
-0.120665 0.0923515 0.0165795 
-0.0293414 0.0165795 0.0505424 
0.480692 -0.112941 -0.0273446 
-0.112941 0.0883862 0.0155524 
-0.0273446 0.0155524 0.0505974 
0.485516 -0.104887 -0.0252255 
-0.104887 0.0848126 0.0146378 
-0.0252255 0.0146378 0.0508196 
0.490087 -0.0965231 -0.0229874 
-0.0965231 0.0816417 0.0138364 
-0.0229874 0.0138364 0.0512187 
0.494462 -0.0878746 -0.0206359 
-0.0878746 0.078878 0.0131474 
-0.0206359 0.0131474 0.0518011 
0.498703 -0.0789724 -0.0181784 
-0.0789724 0.0765206 0.0125685 
-0.0181784 0.0125685 0.0525698 
0.50287 -0.0698523 -0.0156246 
-0.0698523 0.0745628 0.0120959 
-0.0156246 0.0120959 0.0535244 
0.507018 -0.0605535 -0.012986 
-0.0605535 0.0729929 0.0117249 
-0.012986 0.0117249 0.0546608 
0.511199 -0.051119 -0.0102759 
-0.051119 0.0717945 0.0114495 
-0.0102759 0.0114495 0.0559717 
0.515455 -0.0415942 -0.00750857 
-0.0415942 0.0709472 0.0112632 
-0.00750857 0.0112632 0.0574466 
0.519819 -0.0320258 -0.0046995 
-0.0320258 0.0704271 0.0111586 
-0.0046995 0.0111586 0.0590721 
0.524317 -0.0224616 -0.00186467 
-0.0224616 0.070208 0.0111281 
-0.00186467 0.0111281 0.0608328 
0.52896 -0.0129486 0.000979694 
-0.0129486 0.0702617 0.0111637 
0.000979694 0.0111637 0.0627111 
0.533753 -0.00353315 0.00381743 
-0.00353315 0.0705589 0.0112574 
0.00381743 0.0112574 0.0646884 
0.538691 0.00574056 0.00663278 
0.00574056 0.0710696 0.0114012 
0.00663278 0.0114012 0.066745 
0.54376 0.0148306 0.00941063 
0.0148306 0.0717642 0.0115875 
0.00941063 0.0115875 0.0688608 
0.548939 0.023698 0.0121367 
0.023698 0.0726133 0.0118087 
0.0121367 0.0118087 0.071016 
0.554204 0.032307 0.0147977 
0.032307 0.0735888 0.0120579 
0.0147977 0.0120579 0.0731909 
0.559523 0.0406253 0.0173815 
0.0406253 0.0746638 0.0123285 
0.0173815 0.0123285 0.0753667 
0.564864 0.0486242 0.0198771 
0.0486242 0.0758129 0.0126143 
0.0198771 0.0126143 0.0775253 
0.57019 0.0562784 0.0222748 
0.0562784 0.0770127 0.0129097 
0.0222748 0.0129097 0.0796501 
0.575466 0.063566 0.0245658 
0.063566 0.0782414 0.0132097 
0.0245658 0.0132097 0.0817255 
0.580656 0.0704684 0.0267428 
0.0704684 0.0794793 0.0135097 
0.0267428 0.0135097 0.0837371 
0.585726 0.0769702 0.0287993 
0.0769702 0.0807084 0.0138055 
0.0287993 0.0138055 0.0856723 
0.590641 0.0830583 0.03073 
0.0830583 0.0819126 0.0140936 
0.03073 0.0140936 0.0875194 
0.595372 0.0887226 0.0325302 
0.0887226 0.0830778 0.0143707 
0.0325302 0.0143707 0.0892683 
0.599888 0.0939548 0.0341965 
0.0939548 0.0841913 0.0146341 
0.0341965 0.0146341 0.09091 
0.604164 0.0987487 0.0357257 
0.0987487 0.085242 0.0148813 
0.0357257 0.0148813 0.0924367 
0.608177 0.1031 0.0371156 
0.1031 0.0862205 0.0151103 
0.0371156 0.0151103 0.0938418 
0.611906 0.107004 0.0383644 
0.107004 0.0871185 0.0153192 
0.0383644 0.0153192 0.0951196 
0.615334 0.11046 0.0394707 
0.11046 0.087929 0.0155066 
0.0394707 0.0155066 0.0962655 
0.618447 0.113467 0.0404335 
0.113467 0.0886462 0.0156712 
0.0404335 0.0156712 0.0972755 
0.621234 0.116023 0.0412521 
0.116023 0.0892651 0.015812 
0.0412521 0.015812 0.0981466 
0.623687 0.118128 0.0419261 
0.118128 0.0897819 0.0159281 
0.0419261 0.0159281 0.0988764 
0.6258 0.119783 0.0424552 
0.119783 0.0901934 0.0160188 
0.0424552 0.0160188 0.099463 
0.62757 0.120988 0.0428393 
0.120988 0.0904973 0.0160836 
0.0428393 0.0160836 0.0999053 
0.628999 0.121744 0.0430783 
0.121744 0.090692 0.0161222 
0.0430783 0.0161222 0.100202 
0.630089 0.122051 0.0431723 
0.122051 0.0907765 0.0161342 
0.0431723 0.0161342 0.100355 
0.630846 0.12191 0.0431214 
0.12191 0.0907506 0.0161196 
0.0431214 0.0161196 0.100362 
0.63128 0.121321 0.0429257 
0.121321 0.0906144 0.0160783 
0.0429257 0.0160783 0.100225 
0.631402 0.120285 0.0425855 
0.120285 0.090369 0.0160105 
0.0425855 0.0160105 0.0999447 
0.631227 0.118802 0.0421009 
0.118802 0.0900158 0.0159163 
0.0421009 0.0159163 0.0995236 
0.630774 0.116874 0.0414724 
0.116874 0.0895571 0.0157961 
0.0414724 0.0157961 0.0989636 
0.630062 0.1145 0.0407004 
0.1145 0.0889956 0.0156503 
0.0407004 0.0156503 0.0982672 
0.629118 0.111682 0.0397853 
0.111682 0.088335 0.0154795 
0.0397853 0.0154795 0.0974381 
0.627967 0.108421 0.0387279 
0.108421 0.0875794 0.0152845 
0.0387279 0.0152845 0.0964799 
